51.0,23.0,77.0,0.0,28.0,0.0,26.0,48.0,22.0,1362.0,1
42.0,23.0,77.0,0.0,28.0,0.0,34.0,48.0,14.0,1808.0,1
50.0,23.0,77.0,0.0,-22.0,0.0,27.0,101.0,74.0,2798.0,1
42.0,22.0,77.0,0.0,28.0,0.0,35.0,48.0,14.0,4765.0,1
49.0,31.0,77.0,0.0,-22.0,0.0,28.0,101.0,72.0,4801.0,1
48.0,45.0,77.0,0.0,-22.0,0.0,29.0,101.0,72.0,5744.0,1
50.0,22.0,77.0,0.0,28.0,0.0,26.0,48.0,22.0,7082.0,1
42.0,23.0,77.0,0.0,28.0,0.0,35.0,48.0,14.0,7530.0,1
57.0,92.0,80.0,0.0,34.0,0.0,23.0,46.0,24.0,8186.0,1
44.0,27.0,77.0,0.0,28.0,0.0,33.0,48.0,16.0,9932.0,1
49.0,22.0,79.0,0.0,42.0,0.0,30.0,37.0,8.0,10532.0,1
64.0,78.0,82.0,0.0,-42.0,-6.0,18.0,126.0,108.0,10946.0,1
47.0,22.0,79.0,0.0,42.0,0.0,31.0,37.0,6.0,14178.0,1
37.0,-1.0,79.0,-3.0,10.0,-8.0,42.0,68.0,26.0,3120.0,0
37.0,4.0,78.0,0.0,16.0,2.0,41.0,63.0,22.0,7737.0,0
44.0,0.0,76.0,4.0,42.0,-28.0,32.0,35.0,2.0,4022.0,0
37.0,-1.0,79.0,-6.0,12.0,-15.0,42.0,66.0,24.0,6184.0,0
47.0,-1.0,106.0,-1.0,46.0,0.0,60.0,60.0,0.0,2049.0,0
55.0,0.0,77.0,0.0,18.0,381.0,21.0,59.0,38.0,11906.0,0
37.0,0.0,77.0,0.0,12.0,0.0,40.0,64.0,24.0,4955.0,0
38.0,0.0,77.0,8.0,38.0,8.0,39.0,38.0,0.0,2772.0,0
37.0,0.0,79.0,0.0,28.0,19.0,42.0,50.0,8.0,470.0,0
80.0,3.0,84.0,0.0,-28.0,-10.0,4.0,112.0,108.0,5129.0,0
57.0,4.0,96.0,0.0,56.0,0.0,39.0,39.0,0.0,14227.0,0
44.0,2.0,76.0,0.0,44.0,11.0,32.0,32.0,0.0,2188.0,0
37.0,0.0,104.0,0.0,26.0,-30.0,67.0,78.0,12.0,4540.0,0
56.0,2.0,81.0,3.0,-4.0,0.0,25.0,86.0,62.0,9578.0,0
37.0,0.0,79.0,0.0,30.0,13.0,42.0,48.0,6.0,6046.0,0
37.0,1.0,93.0,0.0,10.0,0.0,56.0,83.0,28.0,921.0,0
51.0,0.0,82.0,0.0,50.0,-13.0,31.0,33.0,2.0,7585.0,0
44.0,0.0,75.0,0.0,42.0,-27.0,31.0,34.0,2.0,1578.0,0
37.0,-1.0,82.0,-3.0,36.0,-6.0,45.0,46.0,2.0,4234.0,0
37.0,0.0,74.0,0.0,28.0,14.0,38.0,46.0,8.0,2324.0,0
44.0,-1.0,80.0,-4.0,44.0,0.0,36.0,36.0,0.0,2550.0,0
42.0,-1.0,78.0,0.0,42.0,0.0,36.0,37.0,0.0,9226.0,0
46.0,0.0,85.0,-1.0,46.0,0.0,39.0,39.0,0.0,2794.0,0
37.0,0.0,95.0,0.0,10.0,20.0,58.0,84.0,26.0,9680.0,0
45.0,-4.0,88.0,0.0,44.0,-14.0,42.0,44.0,2.0,2469.0,0
37.0,0.0,104.0,0.0,26.0,6.0,67.0,78.0,12.0,3818.0,0
46.0,1.0,82.0,-3.0,44.0,-26.0,36.0,38.0,2.0,10056.0,0
48.0,3.0,88.0,0.0,46.0,0.0,40.0,42.0,2.0,10695.0,0
43.0,0.0,83.0,-2.0,42.0,-4.0,40.0,42.0,2.0,12121.0,0
46.0,1.0,83.0,0.0,46.0,6.0,37.0,36.0,0.0,6537.0,0
41.0,0.0,78.0,0.0,42.0,11.0,37.0,37.0,0.0,9059.0,0
46.0,0.0,88.0,-5.0,46.0,0.0,43.0,42.0,0.0,2914.0,0
45.0,-1.0,81.0,0.0,46.0,13.0,36.0,35.0,0.0,1097.0,0
55.0,0.0,76.0,0.0,-18.0,-19.0,21.0,94.0,74.0,1063.0,0
45.0,-1.0,76.0,0.0,44.0,-21.0,31.0,32.0,2.0,8148.0,0
37.0,0.0,74.0,-3.0,28.0,0.0,37.0,46.0,8.0,13376.0,0
41.0,0.0,108.0,0.0,42.0,2.0,67.0,67.0,0.0,3645.0,0
45.0,-5.0,88.0,0.0,44.0,0.0,44.0,44.0,0.0,4079.0,0
55.0,0.0,78.0,0.0,6.0,4.0,23.0,73.0,50.0,2490.0,0
52.0,3.0,82.0,0.0,52.0,0.0,30.0,30.0,0.0,4709.0,0
37.0,-2.0,106.0,0.0,34.0,-8.0,68.0,72.0,4.0,10102.0,0
50.0,-5.0,80.0,0.0,50.0,0.0,30.0,31.0,2.0,12581.0,0
55.0,-4.0,81.0,0.0,-4.0,2.0,26.0,86.0,60.0,850.0,0
43.0,0.0,88.0,0.0,42.0,-11.0,45.0,47.0,2.0,89.0,0
37.0,0.0,81.0,-7.0,20.0,20.0,44.0,61.0,16.0,9909.0,0
56.0,-1.0,96.0,0.0,54.0,28.0,40.0,42.0,2.0,1928.0,0
41.0,0.0,87.0,2.0,38.0,-1.0,46.0,48.0,2.0,2731.0,0
46.0,1.0,88.0,0.0,46.0,0.0,41.0,41.0,0.0,6720.0,0
55.0,0.0,78.0,0.0,16.0,1.0,23.0,63.0,40.0,8856.0,0
49.0,2.0,78.0,0.0,50.0,18.0,29.0,29.0,0.0,1871.0,0
37.0,0.0,75.0,3.0,24.0,0.0,38.0,52.0,14.0,5156.0,0
53.0,0.0,86.0,0.0,52.0,-17.0,33.0,35.0,2.0,9548.0,0
41.0,0.0,97.0,0.0,42.0,23.0,56.0,55.0,0.0,2139.0,0
37.0,-2.0,79.0,0.0,24.0,0.0,42.0,55.0,14.0,5519.0,0
43.0,-2.0,89.0,0.0,42.0,-8.0,46.0,48.0,2.0,10385.0,0
56.0,0.0,76.0,0.0,-4.0,177.0,20.0,81.0,62.0,1836.0,0
45.0,1.0,86.0,3.0,44.0,0.0,41.0,42.0,2.0,6275.0,0
50.0,-3.0,86.0,0.0,50.0,0.0,37.0,37.0,0.0,10684.0,0
39.0,0.0,86.0,6.0,38.0,0.0,46.0,47.0,0.0,12510.0,0
56.0,0.0,97.0,0.0,42.0,3.0,41.0,55.0,14.0,13666.0,0
38.0,3.0,83.0,0.0,36.0,-26.0,45.0,46.0,2.0,676.0,0
56.0,1.0,87.0,0.0,56.0,8.0,31.0,30.0,0.0,11432.0,0
41.0,0.0,76.0,0.0,42.0,17.0,35.0,35.0,0.0,7608.0,0
49.0,0.0,87.0,0.0,46.0,-4.0,38.0,41.0,2.0,4346.0,0
44.0,0.0,81.0,-7.0,44.0,0.0,38.0,37.0,0.0,3164.0,0
59.0,0.0,86.0,0.0,56.0,-17.0,28.0,30.0,2.0,7596.0,0
51.0,2.0,82.0,0.0,52.0,7.0,31.0,30.0,0.0,1861.0,0
44.0,0.0,77.0,0.0,44.0,0.0,33.0,34.0,0.0,5462.0,0
41.0,2.0,78.0,0.0,38.0,-35.0,37.0,39.0,2.0,9473.0,0
47.0,-4.0,84.0,-2.0,46.0,0.0,37.0,38.0,0.0,9720.0,0
62.0,0.0,109.0,0.0,62.0,6.0,48.0,47.0,0.0,11766.0,0
55.0,0.0,77.0,0.0,20.0,-30.0,22.0,57.0,34.0,6003.0,0
41.0,0.0,79.0,-2.0,38.0,-13.0,38.0,40.0,2.0,10210.0,0
46.0,0.0,90.0,3.0,46.0,0.0,44.0,44.0,0.0,7535.0,0
59.0,1.0,86.0,1.0,60.0,17.0,28.0,27.0,0.0,5870.0,0
37.0,1.0,97.0,0.0,34.0,1.0,60.0,64.0,4.0,3817.0,0
81.0,-3.0,86.0,-3.0,-40.0,0.0,4.0,127.0,122.0,10071.0,0
55.0,-1.0,81.0,-5.0,54.0,-7.0,26.0,27.0,0.0,14397.0,0
55.0,-4.0,80.0,0.0,54.0,0.0,25.0,26.0,0.0,13737.0,0
42.0,1.0,81.0,0.0,42.0,0.0,38.0,39.0,2.0,14004.0,0
53.0,0.0,81.0,0.0,54.0,28.0,28.0,27.0,0.0,11847.0,0
37.0,0.0,78.0,0.0,20.0,-6.0,42.0,57.0,16.0,6019.0,0
83.0,-5.0,86.0,0.0,-4.0,-15.0,4.0,92.0,88.0,13626.0,0
44.0,5.0,88.0,-2.0,44.0,9.0,44.0,44.0,0.0,7987.0,0
79.0,-1.0,83.0,0.0,-30.0,0.0,4.0,114.0,110.0,7144.0,0
56.0,1.0,86.0,0.0,56.0,16.0,30.0,29.0,0.0,8755.0,0
38.0,4.0,80.0,0.0,36.0,-6.0,42.0,44.0,2.0,6750.0,0
46.0,4.0,86.0,0.0,44.0,-8.0,40.0,42.0,2.0,2910.0,0
37.0,0.0,78.0,0.0,10.0,-14.0,41.0,68.0,26.0,6741.0,0
47.0,0.0,86.0,5.0,46.0,0.0,39.0,40.0,0.0,2432.0,0
81.0,1.0,84.0,0.0,-12.0,13.0,3.0,97.0,94.0,11480.0,0
37.0,0.0,78.0,0.0,8.0,-13.0,42.0,70.0,28.0,14274.0,0
45.0,0.0,79.0,-1.0,44.0,-2.0,34.0,35.0,0.0,1455.0,0
45.0,1.0,86.0,0.0,46.0,28.0,41.0,40.0,0.0,5676.0,0
82.0,1.0,86.0,0.0,-40.0,9.0,4.0,128.0,124.0,13207.0,0
45.0,0.0,82.0,0.0,46.0,24.0,37.0,35.0,0.0,1006.0,0
46.0,0.0,82.0,0.0,44.0,-10.0,36.0,38.0,2.0,14460.0,0
44.0,0.0,81.0,0.0,42.0,-10.0,38.0,40.0,2.0,7791.0,0
56.0,0.0,79.0,0.0,16.0,21.0,23.0,63.0,40.0,9902.0,0
82.0,2.0,86.0,0.0,-2.0,5.0,3.0,88.0,84.0,10782.0,0
38.0,5.0,77.0,0.0,38.0,13.0,39.0,38.0,0.0,6677.0,0
39.0,-2.0,88.0,0.0,38.0,0.0,49.0,50.0,0.0,13151.0,0
53.0,3.0,86.0,0.0,52.0,-20.0,33.0,34.0,2.0,10434.0,0
55.0,0.0,93.0,0.0,50.0,16.0,37.0,44.0,6.0,10769.0,0
41.0,0.0,83.0,0.0,38.0,-19.0,42.0,44.0,2.0,4118.0,0
38.0,5.0,105.0,0.0,38.0,0.0,67.0,66.0,0.0,10732.0,0
37.0,0.0,75.0,1.0,20.0,-4.0,38.0,54.0,16.0,7968.0,0
41.0,-5.0,82.0,0.0,42.0,0.0,41.0,41.0,0.0,13045.0,0
46.0,0.0,100.0,-3.0,46.0,0.0,54.0,53.0,0.0,5101.0,0
56.0,0.0,96.0,8.0,50.0,0.0,40.0,47.0,6.0,6438.0,0
56.0,-1.0,77.0,-4.0,24.0,-13.0,22.0,54.0,32.0,4009.0,0
37.0,0.0,78.0,-6.0,6.0,0.0,41.0,73.0,32.0,12299.0,0
55.0,0.0,88.0,-1.0,54.0,0.0,34.0,34.0,0.0,5067.0,0
51.0,2.0,88.0,0.0,52.0,17.0,37.0,37.0,0.0,12795.0,0
53.0,0.0,109.0,5.0,54.0,28.0,56.0,55.0,0.0,3075.0,0
56.0,-2.0,80.0,0.0,56.0,5.0,24.0,23.0,0.0,2828.0,0
42.0,3.0,80.0,-1.0,42.0,0.0,38.0,39.0,2.0,8231.0,0
47.0,-1.0,86.0,-3.0,46.0,-5.0,39.0,40.0,0.0,4557.0,0
37.0,0.0,81.0,0.0,-2.0,11.0,44.0,84.0,40.0,1377.0,0
38.0,0.0,92.0,0.0,20.0,2.0,54.0,71.0,18.0,5821.0,0
46.0,0.0,107.0,0.0,46.0,3.0,61.0,60.0,0.0,13942.0,0
37.0,0.0,102.0,0.0,36.0,0.0,64.0,66.0,2.0,87.0,0
37.0,-4.0,104.0,0.0,36.0,-2.0,67.0,68.0,0.0,9364.0,0
37.0,0.0,99.0,0.0,30.0,9.0,61.0,68.0,6.0,8498.0,0
37.0,0.0,80.0,0.0,36.0,12.0,43.0,44.0,2.0,2311.0,0
37.0,0.0,76.0,0.0,36.0,8.0,39.0,39.0,0.0,4017.0,0
55.0,0.0,83.0,-4.0,54.0,0.0,27.0,28.0,2.0,10671.0,0
102.0,0.0,102.0,-7.0,70.0,-6.0,1.0,33.0,32.0,5255.0,0
46.0,4.0,76.0,2.0,46.0,0.0,30.0,30.0,0.0,11194.0,0
37.0,0.0,81.0,0.0,38.0,21.0,43.0,42.0,0.0,3066.0,0
47.0,4.0,83.0,0.0,46.0,0.0,36.0,36.0,0.0,6258.0,0
41.0,4.0,83.0,0.0,38.0,0.0,42.0,44.0,2.0,14105.0,0
85.0,0.0,88.0,7.0,2.0,0.0,3.0,86.0,82.0,59.0,0
46.0,4.0,77.0,0.0,46.0,1.0,31.0,30.0,0.0,4076.0,0
37.0,0.0,83.0,-3.0,-4.0,-12.0,46.0,88.0,42.0,4616.0,0
41.0,3.0,83.0,0.0,38.0,-26.0,41.0,44.0,2.0,13766.0,0
44.0,0.0,81.0,-4.0,44.0,6.0,38.0,37.0,0.0,13627.0,0
54.0,0.0,87.0,4.0,54.0,0.0,33.0,33.0,0.0,6965.0,0
42.0,0.0,77.0,-6.0,42.0,0.0,34.0,35.0,2.0,4156.0,0
45.0,0.0,85.0,0.0,44.0,12.0,41.0,41.0,0.0,8070.0,0
54.0,1.0,81.0,-4.0,54.0,0.0,27.0,26.0,0.0,9614.0,0
51.0,1.0,80.0,0.0,52.0,9.0,29.0,28.0,0.0,11755.0,0
37.0,2.0,76.0,5.0,34.0,0.0,39.0,43.0,4.0,2074.0,0
44.0,0.0,81.0,0.0,44.0,13.0,38.0,37.0,0.0,12588.0,0
45.0,0.0,90.0,0.0,46.0,11.0,44.0,43.0,0.0,564.0,0
41.0,5.0,77.0,0.0,38.0,0.0,36.0,38.0,2.0,12666.0,0
56.0,0.0,86.0,0.0,54.0,-29.0,30.0,32.0,2.0,5752.0,0
43.0,0.0,76.0,0.0,44.0,31.0,33.0,32.0,0.0,11845.0,0
101.0,0.0,102.0,0.0,72.0,15.0,1.0,30.0,28.0,1616.0,0
50.0,-2.0,111.0,0.0,50.0,0.0,61.0,62.0,0.0,108.0,0
45.0,3.0,81.0,2.0,44.0,0.0,37.0,37.0,0.0,6346.0,0
82.0,0.0,85.0,-1.0,-2.0,9.0,3.0,88.0,84.0,3857.0,0
40.0,-5.0,84.0,0.0,38.0,0.0,45.0,46.0,2.0,6120.0,0
55.0,-2.0,85.0,0.0,54.0,-6.0,30.0,31.0,2.0,654.0,0
55.0,0.0,97.0,-2.0,46.0,-4.0,41.0,50.0,8.0,1936.0,0
47.0,3.0,88.0,2.0,46.0,0.0,41.0,41.0,0.0,13882.0,0
37.0,0.0,78.0,0.0,0.0,-2.0,42.0,78.0,36.0,2196.0,0
53.0,0.0,83.0,0.0,54.0,6.0,30.0,29.0,0.0,1089.0,0
55.0,0.0,78.0,0.0,2.0,-12.0,23.0,75.0,52.0,1556.0,0
55.0,0.0,96.0,2.0,42.0,-3.0,41.0,55.0,14.0,8305.0,0
53.0,1.0,88.0,0.0,54.0,0.0,34.0,33.0,0.0,12700.0,0
79.0,-1.0,83.0,-1.0,-40.0,2.0,4.0,124.0,120.0,9900.0,0
56.0,0.0,97.0,0.0,42.0,19.0,41.0,55.0,14.0,3311.0,0
44.0,4.0,85.0,0.0,44.0,1.0,41.0,41.0,0.0,1667.0,0
83.0,0.0,86.0,0.0,-6.0,-14.0,3.0,94.0,90.0,6886.0,0
39.0,0.0,81.0,0.0,38.0,0.0,42.0,42.0,0.0,8841.0,0
37.0,2.0,80.0,0.0,18.0,-11.0,43.0,62.0,20.0,5244.0,0
41.0,1.0,75.0,0.0,42.0,10.0,34.0,34.0,0.0,3797.0,0
55.0,5.0,80.0,0.0,54.0,0.0,25.0,26.0,0.0,7281.0,0
39.0,0.0,79.0,-3.0,38.0,0.0,40.0,41.0,0.0,14044.0,0
47.0,5.0,95.0,3.0,46.0,0.0,48.0,49.0,0.0,10431.0,0
55.0,0.0,77.0,0.0,-28.0,-9.0,21.0,105.0,84.0,4679.0,0
37.0,0.0,100.0,0.0,34.0,0.0,64.0,67.0,4.0,3812.0,0
82.0,3.0,86.0,0.0,-22.0,15.0,4.0,109.0,106.0,14383.0,0
48.0,0.0,90.0,8.0,46.0,-3.0,42.0,44.0,2.0,5086.0,0
49.0,-2.0,86.0,0.0,46.0,-30.0,38.0,40.0,2.0,3245.0,0
83.0,0.0,86.0,0.0,-2.0,0.0,3.0,88.0,86.0,1088.0,0
41.0,0.0,81.0,1.0,42.0,3.0,39.0,39.0,0.0,5392.0,0
41.0,3.0,84.0,0.0,42.0,13.0,43.0,43.0,0.0,7787.0,0
60.0,0.0,110.0,-6.0,60.0,0.0,50.0,51.0,2.0,12457.0,0
40.0,3.0,76.0,0.0,38.0,0.0,36.0,37.0,2.0,1116.0,0
52.0,1.0,77.0,0.0,52.0,0.0,25.0,25.0,0.0,4623.0,0
55.0,0.0,79.0,2.0,24.0,13.0,24.0,56.0,32.0,1887.0,0
37.0,4.0,79.0,2.0,16.0,0.0,41.0,63.0,22.0,6156.0,0
41.0,0.0,84.0,0.0,42.0,9.0,43.0,43.0,0.0,11304.0,0
43.0,0.0,87.0,5.0,42.0,0.0,44.0,46.0,2.0,11749.0,0
37.0,0.0,104.0,0.0,26.0,-21.0,67.0,78.0,12.0,2656.0,0
42.0,0.0,83.0,8.0,42.0,0.0,41.0,41.0,0.0,12482.0,0
49.0,1.0,95.0,5.0,50.0,0.0,46.0,46.0,0.0,12590.0,0
53.0,0.0,88.0,5.0,54.0,0.0,34.0,33.0,0.0,10486.0,0
37.0,5.0,79.0,0.0,18.0,0.0,42.0,61.0,20.0,137.0,0
55.0,0.0,82.0,0.0,-40.0,-28.0,26.0,123.0,96.0,10835.0,0
44.0,0.0,79.0,0.0,42.0,-30.0,35.0,37.0,2.0,13440.0,0
49.0,0.0,81.0,0.0,46.0,-8.0,33.0,35.0,2.0,2026.0,0
37.0,0.0,104.0,1.0,24.0,0.0,67.0,80.0,14.0,10749.0,0
40.0,3.0,77.0,0.0,38.0,0.0,37.0,38.0,2.0,6602.0,0
43.0,0.0,86.0,0.0,44.0,25.0,42.0,42.0,0.0,2393.0,0
51.0,5.0,84.0,0.0,52.0,16.0,33.0,32.0,0.0,13416.0,0
55.0,0.0,77.0,0.0,8.0,-14.0,22.0,70.0,48.0,1384.0,0
47.0,5.0,78.0,1.0,46.0,0.0,31.0,32.0,0.0,7027.0,0
37.0,0.0,79.0,-3.0,36.0,-5.0,42.0,43.0,0.0,13116.0,0
37.0,0.0,106.0,0.0,26.0,-23.0,68.0,80.0,12.0,13798.0,0
55.0,0.0,83.0,0.0,56.0,28.0,28.0,26.0,0.0,5461.0,0
38.0,0.0,76.0,0.0,38.0,13.0,38.0,37.0,0.0,8745.0,0
46.0,0.0,86.0,0.0,44.0,-27.0,41.0,42.0,2.0,10200.0,0
51.0,0.0,81.0,0.0,52.0,11.0,29.0,29.0,0.0,2809.0,0
55.0,0.0,81.0,0.0,-22.0,-27.0,26.0,105.0,78.0,5070.0,0
41.0,1.0,88.0,0.0,38.0,-30.0,47.0,50.0,2.0,11824.0,0
56.0,2.0,98.0,0.0,52.0,1.0,42.0,46.0,4.0,14500.0,0
55.0,0.0,77.0,0.0,18.0,26.0,22.0,59.0,38.0,13628.0,0
56.0,0.0,77.0,13.0,-4.0,0.0,21.0,83.0,62.0,3656.0,0
43.0,0.0,83.0,-5.0,42.0,-13.0,39.0,41.0,2.0,12975.0,0
105.0,-1.0,106.0,-4.0,70.0,-5.0,1.0,36.0,36.0,509.0,0
53.0,0.0,86.0,0.0,52.0,-24.0,32.0,34.0,2.0,9725.0,0
56.0,0.0,95.0,0.0,52.0,2.0,40.0,44.0,4.0,9580.0,0
42.0,0.0,77.0,0.0,42.0,5.0,35.0,35.0,0.0,3276.0,0
55.0,0.0,96.0,0.0,46.0,-20.0,41.0,50.0,8.0,1184.0,0
55.0,0.0,92.0,0.0,34.0,-8.0,37.0,59.0,22.0,3195.0,0
41.0,0.0,86.0,-1.0,42.0,5.0,45.0,44.0,0.0,1436.0,0
44.0,0.0,80.0,-3.0,44.0,2.0,36.0,36.0,0.0,7066.0,0
49.0,0.0,95.0,5.0,46.0,-10.0,46.0,48.0,2.0,115.0,0
41.0,0.0,83.0,0.0,42.0,2.0,42.0,42.0,0.0,9347.0,0
37.0,0.0,103.0,-2.0,28.0,0.0,66.0,75.0,8.0,13573.0,0
56.0,0.0,76.0,0.0,-4.0,1329.0,20.0,81.0,62.0,1931.0,0
55.0,0.0,77.0,0.0,-2.0,-7.0,21.0,79.0,58.0,691.0,0
45.0,0.0,79.0,0.0,46.0,7.0,34.0,33.0,0.0,13204.0,0
45.0,0.0,88.0,-1.0,46.0,16.0,42.0,41.0,0.0,2961.0,0
46.0,0.0,87.0,0.0,46.0,0.0,41.0,41.0,0.0,13741.0,0
37.0,0.0,79.0,0.0,16.0,-4.0,43.0,64.0,22.0,621.0,0
44.0,-2.0,108.0,0.0,42.0,-27.0,64.0,66.0,2.0,2616.0,0
37.0,0.0,106.0,2.0,36.0,0.0,69.0,70.0,0.0,3545.0,0
39.0,0.0,76.0,-1.0,38.0,-1.0,36.0,37.0,0.0,7280.0,0
49.0,0.0,106.0,0.0,46.0,-25.0,57.0,59.0,2.0,4932.0,0
37.0,0.0,96.0,0.0,20.0,6.0,59.0,75.0,16.0,9867.0,0
53.0,0.0,81.0,0.0,52.0,-22.0,28.0,29.0,2.0,1169.0,0
55.0,0.0,92.0,0.0,-6.0,-21.0,36.0,99.0,64.0,14041.0,0
38.0,1.0,77.0,0.0,38.0,5.0,39.0,38.0,0.0,2532.0,0
37.0,0.0,76.0,0.0,34.0,21.0,39.0,43.0,4.0,9358.0,0
41.0,0.0,76.0,0.0,42.0,2.0,35.0,35.0,0.0,1965.0,0
43.0,0.0,81.0,0.0,42.0,-14.0,38.0,40.0,2.0,7728.0,0
37.0,4.0,100.0,0.0,28.0,0.0,63.0,72.0,8.0,9859.0,0
37.0,0.0,92.0,0.0,16.0,1.0,54.0,76.0,22.0,12289.0,0
37.0,-110.0,106.0,0.0,34.0,-3.0,69.0,72.0,4.0,3930.0,0
48.0,0.0,87.0,-2.0,46.0,-4.0,39.0,41.0,2.0,4628.0,0
46.0,4.0,76.0,0.0,46.0,9.0,30.0,29.0,0.0,10804.0,0
56.0,0.0,96.0,0.0,52.0,-2.0,40.0,44.0,4.0,6470.0,0
80.0,0.0,84.0,-1.0,-28.0,-24.0,4.0,112.0,108.0,49.0,0
37.0,0.0,83.0,0.0,0.0,4.0,46.0,83.0,36.0,7490.0,0
53.0,0.0,86.0,0.0,54.0,29.0,33.0,32.0,0.0,12334.0,0
55.0,5.0,84.0,5.0,54.0,0.0,29.0,30.0,0.0,13986.0,0
50.0,0.0,78.0,4.0,50.0,0.0,28.0,29.0,0.0,4417.0,0
37.0,0.0,76.0,2.0,34.0,0.0,39.0,42.0,2.0,12647.0,0
40.0,0.0,84.0,7.0,38.0,0.0,44.0,45.0,2.0,7412.0,0
37.0,0.0,83.0,0.0,34.0,1.0,46.0,49.0,4.0,2069.0,0
43.0,1.0,79.0,0.0,42.0,-6.0,35.0,37.0,2.0,13726.0,0
46.0,5.0,83.0,0.0,44.0,-23.0,37.0,39.0,2.0,7964.0,0
56.0,0.0,83.0,0.0,54.0,-29.0,27.0,29.0,2.0,6068.0,0
41.0,0.0,79.0,-1.0,38.0,-16.0,38.0,40.0,2.0,6853.0,0
37.0,-2.0,76.0,0.0,38.0,7.0,38.0,37.0,0.0,13062.0,0
46.0,-3.0,93.0,3.0,46.0,6.0,47.0,46.0,0.0,663.0,0
40.0,-2.0,76.0,-2.0,38.0,0.0,36.0,37.0,2.0,8277.0,0
80.0,0.0,84.0,-1.0,-38.0,-7.0,4.0,123.0,118.0,10061.0,0
55.0,0.0,92.0,0.0,34.0,-12.0,37.0,59.0,22.0,3991.0,0
49.0,0.0,76.0,-5.0,46.0,-18.0,27.0,30.0,2.0,12926.0,0
39.0,2.0,81.0,2.0,38.0,0.0,42.0,42.0,0.0,9345.0,0
61.0,0.0,111.0,0.0,62.0,23.0,50.0,49.0,0.0,5292.0,0
51.0,0.0,88.0,3.0,52.0,0.0,36.0,36.0,0.0,6963.0,0
37.0,0.0,78.0,0.0,20.0,-6.0,41.0,57.0,16.0,11746.0,0
44.0,0.0,81.0,0.0,42.0,-16.0,37.0,39.0,2.0,9023.0,0
45.0,0.0,81.0,0.0,44.0,-28.0,36.0,37.0,2.0,9715.0,0
53.0,-3.0,84.0,0.0,54.0,1.0,31.0,30.0,0.0,1680.0,0
49.0,0.0,82.0,0.0,50.0,15.0,33.0,33.0,0.0,3394.0,0
41.0,0.0,83.0,5.0,38.0,-6.0,42.0,44.0,2.0,6531.0,0
49.0,-1.0,87.0,0.0,50.0,0.0,38.0,38.0,0.0,4318.0,0
79.0,0.0,83.0,0.0,-30.0,0.0,4.0,114.0,110.0,5785.0,0
45.0,-3.0,77.0,0.0,46.0,21.0,31.0,30.0,0.0,8268.0,0
39.0,1.0,75.0,0.0,38.0,0.0,36.0,36.0,0.0,8642.0,0
81.0,0.0,84.0,0.0,-14.0,5.0,3.0,100.0,96.0,4882.0,0
43.0,-1.0,77.0,0.0,42.0,-7.0,34.0,36.0,2.0,12976.0,0
38.0,0.0,78.0,4.0,38.0,0.0,40.0,39.0,0.0,2349.0,0
42.0,-2.0,108.0,0.0,42.0,0.0,66.0,67.0,0.0,10195.0,0
37.0,0.0,77.0,5.0,38.0,25.0,39.0,38.0,0.0,14163.0,0
51.0,2.0,79.0,0.0,52.0,19.0,27.0,27.0,0.0,4396.0,0
46.0,0.0,85.0,-1.0,46.0,-2.0,39.0,39.0,0.0,4403.0,0
105.0,0.0,107.0,3.0,70.0,0.0,1.0,37.0,36.0,1442.0,0
55.0,0.0,77.0,-3.0,18.0,2.0,22.0,59.0,38.0,12286.0,0
46.0,0.0,77.0,-1.0,46.0,-1.0,32.0,31.0,0.0,13885.0,0
42.0,0.0,79.0,8.0,42.0,0.0,38.0,38.0,0.0,11406.0,0
55.0,0.0,93.0,3.0,44.0,-1.0,37.0,49.0,12.0,7789.0,0
45.0,0.0,88.0,-2.0,44.0,-3.0,43.0,44.0,2.0,717.0,0
56.0,-2.0,86.0,0.0,56.0,0.0,31.0,30.0,0.0,3439.0,0
41.0,-3.0,81.0,0.0,42.0,5.0,40.0,40.0,0.0,4408.0,0
52.0,2.0,88.0,0.0,52.0,-3.0,35.0,36.0,0.0,6277.0,0
45.0,-4.0,85.0,-1.0,44.0,0.0,41.0,41.0,0.0,9738.0,0
55.0,0.0,95.0,0.0,42.0,6.0,40.0,54.0,14.0,2708.0,0
46.0,0.0,82.0,0.0,44.0,-16.0,36.0,38.0,2.0,10860.0,0
37.0,0.0,78.0,0.0,-4.0,5.0,41.0,83.0,42.0,6067.0,0
37.0,1.0,90.0,0.0,26.0,0.0,53.0,64.0,12.0,10630.0,0
37.0,0.0,98.0,0.0,28.0,-10.0,61.0,70.0,8.0,9769.0,0
37.0,4.0,77.0,0.0,0.0,0.0,40.0,77.0,36.0,5861.0,0
37.0,0.0,77.0,0.0,6.0,1.0,40.0,72.0,32.0,10863.0,0
44.0,0.0,81.0,-1.0,44.0,1.0,38.0,37.0,0.0,4862.0,0
45.0,0.0,76.0,0.0,46.0,29.0,30.0,29.0,0.0,10814.0,0
37.0,0.0,107.0,0.0,36.0,-12.0,69.0,71.0,2.0,5127.0,0
37.0,4.0,104.0,0.0,20.0,-22.0,66.0,83.0,16.0,5286.0,0
63.0,-3.0,111.0,0.0,62.0,0.0,47.0,49.0,2.0,9629.0,0
43.0,-2.0,84.0,0.0,42.0,-21.0,41.0,43.0,2.0,3441.0,0
50.0,-1.0,87.0,1.0,50.0,0.0,37.0,38.0,0.0,8110.0,0
37.0,0.0,77.0,0.0,34.0,-16.0,40.0,43.0,2.0,3418.0,0
41.0,1.0,88.0,0.0,42.0,13.0,47.0,47.0,0.0,8797.0,0
37.0,0.0,79.0,0.0,6.0,24.0,42.0,74.0,32.0,5368.0,0
37.0,0.0,104.0,5.0,24.0,-11.0,67.0,81.0,14.0,2710.0,0
47.0,0.0,80.0,-4.0,46.0,0.0,33.0,34.0,0.0,6877.0,0
56.0,0.0,79.0,0.0,54.0,-22.0,23.0,24.0,2.0,13715.0,0
41.0,-1.0,108.0,0.0,38.0,-11.0,67.0,69.0,2.0,5049.0,0
37.0,0.0,79.0,0.0,10.0,1.0,43.0,69.0,26.0,6353.0,0
55.0,0.0,94.0,1.0,18.0,0.0,39.0,76.0,38.0,3069.0,0
46.0,3.0,87.0,8.0,46.0,0.0,41.0,41.0,0.0,11810.0,0
37.0,0.0,94.0,0.0,34.0,15.0,57.0,61.0,4.0,11872.0,0
56.0,0.0,95.0,0.0,42.0,22.0,40.0,54.0,14.0,6857.0,0
45.0,0.0,82.0,0.0,44.0,-28.0,37.0,38.0,2.0,7151.0,0
37.0,0.0,80.0,1.0,20.0,0.0,43.0,59.0,16.0,8539.0,0
37.0,0.0,83.0,0.0,2.0,4.0,46.0,81.0,34.0,5542.0,0
37.0,0.0,92.0,0.0,16.0,29.0,54.0,76.0,22.0,4834.0,0
82.0,0.0,85.0,0.0,-6.0,5.0,3.0,93.0,90.0,413.0,0
56.0,0.0,95.0,0.0,44.0,11.0,40.0,51.0,12.0,5487.0,0
43.0,0.0,81.0,-2.0,44.0,31.0,37.0,37.0,0.0,14029.0,0
38.0,0.0,82.0,0.0,38.0,5.0,44.0,43.0,0.0,1910.0,0
51.0,0.0,88.0,-1.0,50.0,-6.0,37.0,39.0,2.0,5140.0,0
37.0,0.0,106.0,0.0,28.0,-5.0,69.0,78.0,8.0,3357.0,0
44.0,0.0,83.0,0.0,42.0,-15.0,40.0,42.0,2.0,6217.0,0
42.0,4.0,79.0,0.0,42.0,0.0,37.0,38.0,2.0,678.0,0
78.0,0.0,81.0,-2.0,-40.0,0.0,4.0,123.0,120.0,1701.0,0
41.0,0.0,79.0,2.0,42.0,5.0,38.0,38.0,0.0,13801.0,0
47.0,0.0,84.0,-3.0,46.0,0.0,38.0,38.0,0.0,2097.0,0
41.0,-1.0,78.0,-1.0,42.0,-2.0,37.0,37.0,0.0,10650.0,0
56.0,-2.0,95.0,0.0,46.0,0.0,40.0,49.0,10.0,9569.0,0
44.0,0.0,81.0,1.0,44.0,11.0,37.0,37.0,0.0,6822.0,0
45.0,0.0,81.0,-2.0,44.0,-4.0,36.0,37.0,2.0,11299.0,0
56.0,0.0,95.0,0.0,42.0,-14.0,40.0,54.0,14.0,4078.0,0
44.0,-41.0,88.0,0.0,44.0,0.0,44.0,44.0,0.0,5496.0,0
55.0,0.0,77.0,0.0,42.0,-3.0,22.0,36.0,14.0,12010.0,0
55.0,0.0,77.0,0.0,-22.0,0.0,22.0,101.0,78.0,6661.0,0
41.0,1.0,85.0,2.0,42.0,5.0,44.0,44.0,0.0,13039.0,0
55.0,0.0,95.0,-4.0,44.0,0.0,40.0,51.0,12.0,11596.0,0
52.0,1.0,84.0,0.0,52.0,0.0,32.0,33.0,0.0,5906.0,0
44.0,0.0,95.0,0.0,44.0,0.0,52.0,51.0,0.0,688.0,0
84.0,0.0,88.0,6.0,-2.0,0.0,4.0,90.0,86.0,3631.0,0
48.0,0.0,94.0,0.0,46.0,-7.0,46.0,48.0,2.0,12853.0,0
79.0,0.0,83.0,0.0,-42.0,8.0,4.0,127.0,122.0,9546.0,0
48.0,0.0,88.0,0.0,46.0,0.0,40.0,42.0,2.0,951.0,0
55.0,-6.0,75.0,-22.0,0.0,0.0,20.0,75.0,54.0,6557.0,0
37.0,0.0,79.0,0.0,28.0,10.0,42.0,50.0,8.0,417.0,0
45.0,0.0,88.0,0.0,44.0,-20.0,42.0,44.0,2.0,13385.0,0
37.0,0.0,79.0,0.0,34.0,-1.0,43.0,46.0,2.0,13758.0,0
37.0,0.0,79.0,-2.0,18.0,-36.0,43.0,61.0,18.0,1003.0,0
55.0,0.0,92.0,-7.0,10.0,0.0,37.0,82.0,46.0,12240.0,0
46.0,0.0,77.0,5.0,46.0,1.0,32.0,31.0,0.0,6393.0,0
37.0,0.0,79.0,-5.0,2.0,0.0,43.0,77.0,34.0,3863.0,0
55.0,0.0,93.0,0.0,2.0,0.0,38.0,91.0,52.0,7757.0,0
55.0,0.0,77.0,0.0,44.0,20.0,22.0,34.0,12.0,6630.0,0
46.0,1.0,79.0,3.0,46.0,0.0,33.0,33.0,0.0,9167.0,0
49.0,0.0,90.0,0.0,50.0,4.0,42.0,41.0,0.0,6974.0,0
45.0,0.0,85.0,0.0,44.0,-5.0,40.0,41.0,2.0,9450.0,0
45.0,0.0,76.0,0.0,46.0,15.0,31.0,30.0,0.0,11846.0,0
37.0,0.0,106.0,0.0,28.0,-4.0,69.0,78.0,8.0,13230.0,0
50.0,3.0,83.0,2.0,50.0,0.0,32.0,33.0,2.0,7495.0,0
37.0,0.0,79.0,0.0,12.0,-7.0,42.0,66.0,24.0,6321.0,0
37.0,0.0,97.0,0.0,24.0,-15.0,60.0,73.0,14.0,13000.0,0
37.0,0.0,77.0,0.0,8.0,-7.0,40.0,69.0,30.0,13014.0,0
55.0,0.0,92.0,0.0,34.0,-5.0,37.0,59.0,22.0,4450.0,0
37.0,0.0,78.0,0.0,-4.0,10.0,41.0,83.0,42.0,13133.0,0
53.0,0.0,86.0,-1.0,54.0,1.0,33.0,32.0,0.0,7675.0,0
52.0,0.0,80.0,3.0,52.0,0.0,28.0,28.0,0.0,9524.0,0
39.0,0.0,97.0,4.0,38.0,0.0,58.0,59.0,0.0,1630.0,0
45.0,0.0,107.0,0.0,44.0,0.0,62.0,63.0,2.0,7053.0,0
39.0,-5.0,81.0,4.0,38.0,0.0,42.0,43.0,0.0,4664.0,0
56.0,4.0,97.0,-1.0,46.0,0.0,41.0,51.0,10.0,1906.0,0
46.0,-3.0,88.0,2.0,46.0,0.0,41.0,41.0,0.0,7993.0,0
37.0,0.0,107.0,0.0,30.0,3.0,70.0,76.0,6.0,452.0,0
46.0,0.0,79.0,0.0,46.0,9.0,34.0,33.0,0.0,9545.0,0
81.0,0.0,84.0,0.0,-18.0,22.0,4.0,103.0,98.0,12638.0,0
37.0,0.0,80.0,0.0,36.0,11.0,43.0,44.0,0.0,9510.0,0
49.0,2.0,81.0,0.0,50.0,0.0,31.0,32.0,0.0,5788.0,0
105.0,-4.0,106.0,0.0,72.0,6.0,1.0,34.0,32.0,696.0,0
37.0,0.0,79.0,0.0,16.0,4.0,43.0,64.0,22.0,13733.0,0
36.0,0.0,81.0,0.0,36.0,0.0,45.0,45.0,0.0,7759.0,0
37.0,0.0,78.0,0.0,-2.0,0.0,42.0,81.0,40.0,851.0,0
39.0,2.0,79.0,2.0,38.0,0.0,39.0,40.0,0.0,9927.0,0
41.0,-1.0,79.0,0.0,38.0,-30.0,38.0,41.0,2.0,7268.0,0
37.0,0.0,81.0,0.0,28.0,3.0,44.0,52.0,8.0,749.0,0
37.0,0.0,76.0,0.0,26.0,-12.0,39.0,50.0,10.0,1814.0,0
40.0,0.0,79.0,6.0,38.0,0.0,38.0,40.0,2.0,6943.0,0
56.0,0.0,86.0,0.0,56.0,28.0,30.0,29.0,0.0,2826.0,0
49.0,0.0,86.0,0.0,50.0,32.0,37.0,37.0,0.0,8188.0,0
46.0,1.0,88.0,0.0,46.0,4.0,42.0,41.0,0.0,12683.0,0
85.0,1.0,88.0,0.0,2.0,3.0,3.0,86.0,82.0,13871.0,0
51.0,0.0,84.0,0.0,50.0,-10.0,34.0,35.0,2.0,2250.0,0
53.0,0.0,83.0,0.0,52.0,-26.0,30.0,32.0,2.0,13664.0,0
37.0,0.0,78.0,-3.0,0.0,0.0,42.0,78.0,36.0,11493.0,0
43.0,0.0,81.0,-2.0,42.0,-1.0,37.0,39.0,2.0,880.0,0
74.0,11.0,78.0,12.0,-42.0,-2.0,4.0,122.0,118.0,4588.0,0
53.0,0.0,86.0,0.0,54.0,13.0,33.0,32.0,0.0,14137.0,0
54.0,0.0,108.0,3.0,54.0,0.0,54.0,54.0,0.0,12393.0,0
37.0,0.0,79.0,-1.0,8.0,0.0,43.0,72.0,28.0,9835.0,0
79.0,-1.0,83.0,-10.0,-32.0,-26739.0,4.0,117.0,112.0,10308.0,0
55.0,-2.0,81.0,0.0,54.0,0.0,26.0,27.0,0.0,12382.0,0
55.0,0.0,77.0,0.0,20.0,12.0,22.0,57.0,34.0,13965.0,0
50.0,0.0,87.0,-3.0,50.0,0.0,37.0,38.0,2.0,8927.0,0
42.0,-3.0,82.0,0.0,42.0,0.0,40.0,41.0,0.0,6105.0,0
37.0,0.0,78.0,0.0,6.0,10.0,41.0,73.0,32.0,14181.0,0
55.0,0.0,96.0,0.0,52.0,10.0,41.0,44.0,4.0,11499.0,0
37.0,0.0,82.0,0.0,18.0,-17.0,45.0,64.0,18.0,11968.0,0
37.0,0.0,81.0,6.0,16.0,0.0,44.0,65.0,22.0,7226.0,0
43.0,-2.0,86.0,0.0,42.0,-27.0,42.0,44.0,2.0,12264.0,0
37.0,0.0,108.0,0.0,36.0,0.0,72.0,72.0,0.0,7080.0,0
42.0,-3.0,76.0,0.0,42.0,0.0,34.0,34.0,0.0,1764.0,0
81.0,0.0,84.0,0.0,-20.0,16.0,4.0,105.0,102.0,165.0,0
56.0,4.0,95.0,0.0,44.0,0.0,39.0,51.0,12.0,2149.0,0
44.0,-2.0,109.0,0.0,44.0,0.0,66.0,66.0,0.0,4249.0,0
56.0,1.0,86.0,0.0,56.0,0.0,29.0,29.0,0.0,4872.0,0
36.0,-2.0,82.0,-1.0,36.0,0.0,46.0,46.0,0.0,205.0,0
43.0,-5.0,86.0,0.0,44.0,8.0,42.0,42.0,0.0,9250.0,0
51.0,0.0,88.0,4.0,52.0,0.0,36.0,36.0,0.0,9597.0,0
55.0,0.0,78.0,0.0,6.0,-4.0,23.0,73.0,50.0,3406.0,0
50.0,0.0,86.0,-1.0,50.0,0.0,35.0,37.0,2.0,13836.0,0
37.0,0.0,81.0,0.0,36.0,-20.0,44.0,45.0,2.0,9434.0,0
37.0,0.0,84.0,0.0,30.0,18.0,47.0,53.0,6.0,1128.0,0
39.0,-1.0,79.0,-3.0,38.0,-5.0,41.0,41.0,0.0,8560.0,0
44.0,1.0,83.0,0.0,44.0,15.0,39.0,39.0,0.0,4048.0,0
37.0,0.0,78.0,0.0,-4.0,-2.0,42.0,83.0,42.0,12823.0,0
47.0,0.0,81.0,8.0,46.0,0.0,34.0,35.0,0.0,2030.0,0
45.0,0.0,87.0,0.0,44.0,-21.0,42.0,43.0,2.0,9562.0,0
39.0,2.0,93.0,0.0,36.0,21.0,54.0,57.0,2.0,11656.0,0
51.0,-1.0,86.0,0.0,50.0,-2.0,35.0,37.0,2.0,196.0,0
56.0,0.0,92.0,0.0,54.0,4.0,36.0,38.0,2.0,7835.0,0
56.0,9.0,75.0,11.0,-4.0,0.0,19.0,80.0,62.0,2865.0,0
53.0,0.0,77.0,-2.0,54.0,4.0,25.0,23.0,0.0,12706.0,0
79.0,0.0,83.0,0.0,-38.0,31.0,4.0,122.0,118.0,5044.0,0
45.0,0.0,79.0,0.0,46.0,22.0,33.0,32.0,0.0,3260.0,0
56.0,0.0,77.0,0.0,20.0,16.0,22.0,57.0,36.0,3110.0,0
37.0,0.0,76.0,0.0,28.0,0.0,39.0,48.0,8.0,10038.0,0
45.0,0.0,86.0,-1.0,44.0,-4.0,40.0,42.0,2.0,10558.0,0
42.0,1.0,79.0,1.0,42.0,0.0,37.0,38.0,0.0,4470.0,0
51.0,0.0,78.0,0.0,52.0,20.0,27.0,26.0,0.0,2070.0,0
56.0,1.0,99.0,0.0,50.0,13.0,42.0,49.0,8.0,8575.0,0
55.0,0.0,97.0,0.0,46.0,-2.0,42.0,51.0,8.0,27.0,0
37.0,0.0,80.0,0.0,30.0,-12.0,43.0,49.0,6.0,2770.0,0
52.0,-5.0,88.0,0.0,52.0,0.0,36.0,36.0,0.0,5095.0,0
55.0,-2.0,80.0,-5.0,20.0,-11.0,25.0,59.0,34.0,402.0,0
52.0,-1.0,79.0,0.0,52.0,0.0,27.0,27.0,0.0,7849.0,0
37.0,-1.0,78.0,8.0,0.0,7.0,41.0,78.0,36.0,9889.0,0
46.0,0.0,86.0,0.0,44.0,-17.0,41.0,42.0,2.0,8654.0,0
37.0,-1.0,81.0,-4.0,36.0,-13.0,43.0,44.0,2.0,631.0,0
37.0,0.0,77.0,0.0,6.0,-29.0,40.0,72.0,32.0,5473.0,0
46.0,0.0,79.0,8.0,46.0,2.0,34.0,33.0,0.0,172.0,0
38.0,-4.0,93.0,3.0,28.0,5.0,55.0,64.0,10.0,10786.0,0
102.0,0.0,103.0,1.0,70.0,-9.0,1.0,33.0,32.0,1526.0,0
49.0,0.0,84.0,-7.0,50.0,0.0,35.0,35.0,0.0,7269.0,0
49.0,0.0,106.0,0.0,50.0,12.0,57.0,57.0,0.0,12420.0,0
41.0,-4.0,81.0,0.0,38.0,-26.0,41.0,43.0,2.0,5299.0,0
37.0,0.0,74.0,0.0,28.0,4.0,38.0,46.0,8.0,3375.0,0
37.0,2.0,82.0,-3.0,34.0,0.0,45.0,48.0,4.0,5026.0,0
45.0,4.0,79.0,1.0,44.0,0.0,35.0,35.0,0.0,13895.0,0
37.0,2.0,83.0,0.0,36.0,0.0,46.0,46.0,0.0,7320.0,0
55.0,-4.0,78.0,0.0,16.0,-8.0,23.0,63.0,40.0,9804.0,0
41.0,3.0,81.0,0.0,42.0,2.0,40.0,40.0,0.0,10806.0,0
37.0,0.0,78.0,0.0,8.0,-4.0,41.0,70.0,30.0,2153.0,0
42.0,0.0,80.0,0.0,42.0,-1.0,38.0,39.0,0.0,8431.0,0
43.0,3.0,82.0,0.0,42.0,0.0,39.0,41.0,2.0,4274.0,0
56.0,0.0,83.0,0.0,54.0,-7.0,27.0,28.0,2.0,483.0,0
46.0,1.0,82.0,0.0,44.0,-23.0,36.0,38.0,2.0,3323.0,0
37.0,0.0,93.0,4.0,8.0,0.0,55.0,85.0,30.0,14017.0,0
37.0,0.0,76.0,0.0,30.0,-3.0,39.0,45.0,6.0,4503.0,0
64.0,-3.0,111.0,1.0,62.0,-5.0,47.0,49.0,2.0,9143.0,0
45.0,1.0,83.0,-6.0,44.0,-9.0,38.0,39.0,2.0,6606.0,0
49.0,0.0,107.0,0.0,50.0,16.0,58.0,58.0,0.0,12689.0,0
41.0,318.0,78.0,0.0,38.0,0.0,37.0,39.0,2.0,5989.0,0
37.0,0.0,78.0,0.0,8.0,11.0,41.0,70.0,30.0,12195.0,0
46.0,-1.0,78.0,0.0,46.0,0.0,32.0,32.0,0.0,8818.0,0
47.0,5.0,84.0,-7.0,46.0,0.0,37.0,38.0,0.0,708.0,0
55.0,0.0,92.0,0.0,28.0,0.0,36.0,63.0,28.0,2891.0,0
44.0,0.0,86.0,0.0,44.0,8.0,42.0,42.0,0.0,10682.0,0
41.0,0.0,79.0,2.0,38.0,-9.0,38.0,40.0,2.0,4936.0,0
51.0,-2.0,77.0,0.0,50.0,-10.0,26.0,28.0,2.0,13068.0,0
43.0,0.0,77.0,-4.0,44.0,19.0,34.0,33.0,0.0,8770.0,0
45.0,0.0,87.0,0.0,46.0,6.0,42.0,41.0,0.0,1660.0,0
49.0,0.0,95.0,0.0,46.0,-19.0,47.0,49.0,2.0,3761.0,0
37.0,0.0,77.0,8.0,28.0,6.0,40.0,49.0,8.0,6627.0,0
37.0,0.0,77.0,0.0,34.0,-12.0,40.0,43.0,2.0,37.0,0
41.0,1.0,81.0,0.0,42.0,6.0,39.0,39.0,0.0,13730.0,0
44.0,0.0,106.0,-2.0,44.0,9.0,62.0,62.0,0.0,13809.0,0
37.0,-5.0,76.0,0.0,20.0,0.0,40.0,55.0,16.0,8638.0,0
56.0,-1.0,90.0,0.0,56.0,0.0,34.0,33.0,0.0,9631.0,0
37.0,0.0,80.0,-3.0,36.0,0.0,43.0,44.0,0.0,11796.0,0
37.0,0.0,103.0,0.0,24.0,-20.0,66.0,80.0,14.0,6911.0,0
37.0,-4.0,83.0,0.0,36.0,-11.0,46.0,47.0,2.0,13742.0,0
43.0,-5.0,106.0,0.0,42.0,-9.0,62.0,64.0,2.0,6836.0,0
37.0,0.0,90.0,-1.0,36.0,0.0,52.0,53.0,2.0,2594.0,0
45.0,0.0,77.0,0.0,44.0,-15.0,32.0,34.0,2.0,9607.0,0
49.0,0.0,106.0,-7.0,50.0,20.0,57.0,57.0,0.0,886.0,0
55.0,0.0,82.0,1.0,54.0,1.0,26.0,28.0,2.0,2488.0,0
48.0,-5.0,95.0,0.0,46.0,0.0,47.0,49.0,2.0,8055.0,0
41.0,3.0,80.0,0.0,42.0,4.0,39.0,39.0,0.0,13047.0,0
75.0,3.0,79.0,3.0,-42.0,0.0,4.0,123.0,120.0,11862.0,0
56.0,0.0,80.0,0.0,54.0,-27.0,24.0,26.0,2.0,11282.0,0
49.0,0.0,81.0,5.0,50.0,0.0,32.0,32.0,0.0,9573.0,0
46.0,1.0,80.0,0.0,46.0,13.0,34.0,34.0,0.0,10192.0,0
47.0,-1.0,87.0,-5.0,46.0,-7.0,40.0,41.0,0.0,10342.0,0
39.0,0.0,86.0,7.0,38.0,0.0,46.0,47.0,0.0,13964.0,0
44.0,0.0,86.0,0.0,42.0,-18.0,43.0,45.0,2.0,14452.0,0
49.0,0.0,87.0,6.0,50.0,1.0,38.0,38.0,0.0,3640.0,0
41.0,0.0,81.0,0.0,42.0,30.0,41.0,40.0,0.0,7804.0,0
37.0,0.0,104.0,1.0,18.0,0.0,67.0,86.0,18.0,1551.0,0
55.0,0.0,86.0,0.0,56.0,30.0,31.0,30.0,0.0,6719.0,0
54.0,2.0,77.0,0.0,-22.0,0.0,23.0,101.0,78.0,11301.0,0
54.0,-1.0,84.0,0.0,54.0,0.0,30.0,30.0,0.0,11438.0,0
50.0,5.0,83.0,0.0,50.0,-1.0,33.0,33.0,0.0,10397.0,0
56.0,0.0,96.0,-5.0,50.0,-9.0,40.0,47.0,6.0,12524.0,0
105.0,5.0,107.0,9.0,72.0,5.0,1.0,35.0,34.0,11100.0,0
55.0,0.0,76.0,0.0,-14.0,15.0,21.0,92.0,70.0,3828.0,0
54.0,0.0,83.0,4.0,54.0,0.0,29.0,29.0,0.0,6100.0,0
55.0,0.0,97.0,0.0,50.0,13.0,42.0,48.0,6.0,13808.0,0
41.0,0.0,97.0,0.0,38.0,-4.0,56.0,58.0,2.0,13768.0,0
51.0,0.0,83.0,0.0,52.0,17.0,31.0,31.0,0.0,11269.0,0
54.0,1.0,80.0,-6.0,54.0,0.0,26.0,26.0,0.0,1635.0,0
46.0,0.0,86.0,0.0,46.0,13.0,41.0,40.0,0.0,10750.0,0
41.0,1.0,78.0,0.0,38.0,-24.0,37.0,39.0,2.0,10357.0,0
37.0,0.0,76.0,0.0,28.0,28.0,39.0,48.0,8.0,5481.0,0
46.0,3.0,76.0,0.0,46.0,7.0,30.0,30.0,0.0,5807.0,0
42.0,1.0,96.0,0.0,42.0,0.0,54.0,55.0,0.0,13099.0,0
37.0,0.0,105.0,0.0,30.0,-3.0,68.0,74.0,6.0,7848.0,0
56.0,0.0,98.0,0.0,44.0,9.0,42.0,54.0,12.0,11440.0,0
56.0,4.0,97.0,0.0,54.0,-9.0,40.0,42.0,2.0,3341.0,0
41.0,-5.0,88.0,0.0,42.0,0.0,47.0,46.0,0.0,11084.0,0
45.0,-1.0,76.0,0.0,44.0,-10.0,31.0,32.0,2.0,10978.0,0
56.0,0.0,77.0,0.0,16.0,-14.0,22.0,62.0,40.0,6412.0,0
41.0,3.0,82.0,0.0,42.0,8.0,41.0,41.0,0.0,10661.0,0
56.0,0.0,81.0,0.0,-4.0,24.0,25.0,86.0,62.0,5917.0,0
56.0,0.0,96.0,4.0,52.0,0.0,40.0,44.0,4.0,10643.0,0
37.0,-4.0,82.0,4.0,-4.0,0.0,45.0,87.0,42.0,9555.0,0
37.0,0.0,104.0,0.0,26.0,-6.0,67.0,78.0,12.0,1348.0,0
46.0,1.0,87.0,1.0,46.0,0.0,41.0,41.0,0.0,8264.0,0
37.0,0.0,77.0,1.0,36.0,-9.0,39.0,41.0,2.0,2085.0,0
41.0,0.0,79.0,-3.0,38.0,-12.0,39.0,41.0,2.0,11735.0,0
56.0,0.0,77.0,0.0,-18.0,1.0,21.0,95.0,74.0,6102.0,0
46.0,5.0,81.0,0.0,46.0,16.0,35.0,35.0,0.0,7974.0,0
56.0,0.0,96.0,0.0,56.0,10.0,40.0,39.0,0.0,54.0,0
37.0,0.0,104.0,-5.0,28.0,0.0,67.0,75.0,8.0,757.0,0
50.0,5.0,86.0,-4.0,50.0,0.0,36.0,37.0,0.0,8993.0,0
39.0,-3.0,76.0,1.0,38.0,0.0,36.0,37.0,0.0,13237.0,0
38.0,1.0,78.0,0.0,38.0,19.0,40.0,39.0,0.0,4560.0,0
37.0,0.0,83.0,0.0,0.0,-6.0,46.0,83.0,36.0,14223.0,0
45.0,0.0,83.0,0.0,44.0,-25.0,37.0,39.0,2.0,4807.0,0
37.0,2.0,76.0,0.0,36.0,14.0,39.0,40.0,2.0,1919.0,0
55.0,0.0,82.0,1.0,-12.0,-21.0,26.0,95.0,68.0,10422.0,0
37.0,0.0,80.0,2.0,34.0,0.0,43.0,46.0,2.0,8328.0,0
37.0,0.0,92.0,0.0,26.0,31.0,55.0,66.0,12.0,9222.0,0
42.0,1.0,76.0,0.0,42.0,0.0,33.0,34.0,2.0,12712.0,0
37.0,0.0,79.0,0.0,8.0,9.0,42.0,71.0,28.0,13286.0,0
37.0,0.0,82.0,0.0,34.0,5.0,45.0,48.0,2.0,9956.0,0
45.0,-1.0,86.0,-3.0,44.0,-6.0,41.0,42.0,2.0,3681.0,0
44.0,0.0,86.0,1.0,44.0,9.0,43.0,42.0,0.0,7357.0,0
41.0,0.0,85.0,0.0,38.0,-10.0,44.0,46.0,2.0,11926.0,0
37.0,0.0,84.0,0.0,28.0,-12.0,47.0,55.0,8.0,11513.0,0
59.0,1.0,87.0,5.0,60.0,0.0,28.0,28.0,0.0,4395.0,0
56.0,0.0,81.0,1.0,-6.0,0.0,25.0,89.0,64.0,6069.0,0
37.0,0.0,106.0,-1.0,30.0,4.0,69.0,75.0,6.0,10940.0,0
56.0,0.0,81.0,0.0,2.0,-3.0,25.0,78.0,54.0,14464.0,0
45.0,0.0,77.0,0.0,46.0,24.0,31.0,30.0,0.0,12385.0,0
41.0,1.0,80.0,0.0,42.0,31.0,39.0,39.0,0.0,2101.0,0
48.0,0.0,94.0,0.0,50.0,31.0,46.0,45.0,0.0,7101.0,0
55.0,0.0,78.0,0.0,46.0,8.0,23.0,32.0,8.0,10495.0,0
49.0,0.0,86.0,0.0,50.0,17.0,37.0,37.0,0.0,2327.0,0
37.0,0.0,76.0,-4.0,18.0,-2.0,39.0,57.0,18.0,6696.0,0
41.0,0.0,78.0,-5.0,38.0,0.0,37.0,39.0,2.0,12312.0,0
44.0,0.0,81.0,5.0,44.0,2.0,38.0,37.0,0.0,1341.0,0
81.0,0.0,84.0,0.0,-14.0,17.0,3.0,100.0,96.0,4023.0,0
44.0,1.0,79.0,0.0,44.0,23.0,35.0,35.0,0.0,2576.0,0
37.0,0.0,79.0,2.0,36.0,0.0,42.0,43.0,0.0,2551.0,0
37.0,1.0,75.0,0.0,28.0,0.0,38.0,46.0,8.0,1624.0,0
37.0,0.0,76.0,-5.0,34.0,-6.0,40.0,43.0,2.0,9675.0,0
43.0,-4.0,75.0,0.0,42.0,0.0,32.0,34.0,2.0,4166.0,0
54.0,0.0,104.0,0.0,54.0,0.0,50.0,49.0,0.0,8615.0,0
45.0,0.0,86.0,0.0,44.0,-22.0,40.0,42.0,2.0,7862.0,0
37.0,0.0,83.0,0.0,28.0,7.0,46.0,54.0,8.0,5489.0,0
37.0,0.0,80.0,-3.0,34.0,-2.0,43.0,46.0,2.0,14375.0,0
39.0,-5.0,76.0,-3.0,38.0,0.0,38.0,37.0,0.0,13229.0,0
55.0,0.0,95.0,0.0,38.0,4.0,40.0,57.0,16.0,5826.0,0
41.0,2.0,76.0,0.0,42.0,13.0,34.0,34.0,0.0,14259.0,0
44.0,1.0,86.0,-3.0,44.0,15.0,42.0,42.0,0.0,11991.0,0
37.0,0.0,78.0,0.0,2.0,-1.0,41.0,75.0,34.0,1415.0,0
81.0,0.0,84.0,0.0,-20.0,19.0,4.0,105.0,102.0,10150.0,0
45.0,0.0,86.0,-4.0,46.0,22.0,41.0,40.0,0.0,431.0,0
45.0,1.0,102.0,0.0,44.0,0.0,57.0,58.0,2.0,11967.0,0
54.0,-1.0,81.0,-1.0,54.0,0.0,28.0,27.0,0.0,8417.0,0
41.0,0.0,82.0,-1.0,42.0,3.0,41.0,41.0,0.0,10967.0,0
37.0,0.0,79.0,0.0,34.0,8.0,42.0,46.0,4.0,4348.0,0
43.0,-1.0,77.0,0.0,42.0,-8.0,34.0,36.0,2.0,11682.0,0
41.0,0.0,79.0,0.0,42.0,4.0,38.0,38.0,0.0,6889.0,0
49.0,-1.0,83.0,0.0,50.0,7.0,34.0,34.0,0.0,13113.0,0
37.0,0.0,79.0,-3.0,36.0,0.0,41.0,43.0,2.0,3299.0,0
55.0,0.0,83.0,2.0,-30.0,3.0,27.0,114.0,86.0,9905.0,0
38.0,0.0,92.0,0.0,18.0,8.0,54.0,74.0,20.0,12882.0,0
79.0,2.0,83.0,0.0,-42.0,0.0,4.0,126.0,122.0,7010.0,0
48.0,-2.0,80.0,0.0,46.0,-3.0,32.0,34.0,2.0,6204.0,0
56.0,2.0,97.0,6.0,52.0,0.0,40.0,45.0,4.0,356.0,0
37.0,0.0,77.0,0.0,-22.0,5.0,41.0,101.0,60.0,3688.0,0
37.0,0.0,81.0,0.0,30.0,-5.0,45.0,50.0,6.0,7263.0,0
46.0,3.0,82.0,-5.0,46.0,-8.0,36.0,35.0,0.0,2934.0,0
37.0,0.0,76.0,0.0,28.0,22.0,39.0,47.0,8.0,4063.0,0
51.0,-3.0,79.0,0.0,50.0,-15.0,28.0,30.0,2.0,3318.0,0
49.0,2.0,87.0,0.0,50.0,22.0,38.0,38.0,0.0,5257.0,0
43.0,-2.0,76.0,-1.0,42.0,-8.0,32.0,34.0,2.0,13295.0,0
55.0,0.0,97.0,0.0,50.0,-3.0,41.0,48.0,6.0,9912.0,0
37.0,-1.0,76.0,0.0,36.0,-8.0,38.0,39.0,2.0,4520.0,0
37.0,0.0,76.0,0.0,20.0,-12.0,40.0,55.0,16.0,14414.0,0
49.0,1.0,78.0,0.0,46.0,-6.0,29.0,32.0,2.0,7468.0,0
51.0,4.0,84.0,0.0,52.0,12.0,33.0,32.0,0.0,12920.0,0
49.0,0.0,83.0,0.0,46.0,-16.0,34.0,36.0,2.0,14133.0,0
44.0,1.0,86.0,1.0,42.0,-22.0,42.0,44.0,2.0,5792.0,0
49.0,-1.0,111.0,0.0,50.0,9.0,62.0,62.0,0.0,1177.0,0
37.0,0.0,94.0,0.0,16.0,5.0,57.0,79.0,22.0,2559.0,0
62.0,-3.0,112.0,0.0,62.0,0.0,50.0,50.0,0.0,6174.0,0
49.0,0.0,79.0,0.0,50.0,2.0,30.0,30.0,0.0,12350.0,0
39.0,5.0,86.0,0.0,38.0,0.0,47.0,47.0,0.0,8071.0,0
37.0,0.0,80.0,0.0,34.0,-12.0,43.0,46.0,2.0,3401.0,0
48.0,5.0,81.0,0.0,46.0,0.0,33.0,35.0,2.0,4285.0,0
55.0,0.0,93.0,0.0,16.0,-11.0,38.0,78.0,40.0,9329.0,0
56.0,1.0,81.0,0.0,-6.0,0.0,25.0,88.0,64.0,8401.0,0
46.0,4.0,85.0,0.0,46.0,0.0,39.0,39.0,0.0,12053.0,0
57.0,0.0,84.0,-6.0,56.0,0.0,28.0,28.0,0.0,3250.0,0
54.0,0.0,81.0,1.0,54.0,0.0,27.0,27.0,0.0,6569.0,0
46.0,-3.0,100.0,0.0,46.0,0.0,54.0,53.0,0.0,6799.0,0
49.0,0.0,88.0,-4.0,50.0,6.0,40.0,39.0,0.0,4985.0,0
52.0,-4.0,79.0,0.0,52.0,0.0,26.0,27.0,0.0,5409.0,0
56.0,0.0,79.0,2.0,16.0,27.0,23.0,63.0,40.0,6603.0,0
49.0,0.0,85.0,0.0,50.0,2.0,36.0,36.0,0.0,6411.0,0
49.0,1.0,86.0,0.0,50.0,12.0,38.0,37.0,0.0,7521.0,0
54.0,5.0,79.0,0.0,54.0,0.0,25.0,24.0,0.0,1203.0,0
37.0,0.0,78.0,0.0,10.0,-13.0,42.0,68.0,26.0,14425.0,0
53.0,0.0,86.0,1.0,54.0,29.0,33.0,32.0,0.0,12872.0,0
55.0,0.0,90.0,-2.0,54.0,0.0,36.0,36.0,0.0,5367.0,0
42.0,0.0,88.0,4.0,42.0,0.0,46.0,46.0,0.0,7449.0,0
41.0,0.0,108.0,-4.0,42.0,18.0,66.0,66.0,0.0,5605.0,0
37.0,0.0,103.0,0.0,18.0,-8.0,66.0,85.0,20.0,10401.0,0
49.0,0.0,84.0,0.0,50.0,0.0,35.0,35.0,0.0,9602.0,0
56.0,0.0,95.0,-7.0,42.0,11.0,40.0,54.0,14.0,7752.0,0
45.0,-1.0,81.0,0.0,46.0,9.0,35.0,34.0,0.0,1457.0,0
56.0,0.0,86.0,8.0,56.0,0.0,30.0,30.0,0.0,2363.0,0
56.0,0.0,77.0,0.0,10.0,7.0,22.0,67.0,46.0,8816.0,0
106.0,-2.0,108.0,0.0,72.0,7.0,1.0,35.0,34.0,7349.0,0
44.0,4.0,79.0,0.0,44.0,23.0,35.0,35.0,0.0,13135.0,0
38.0,1.0,79.0,0.0,38.0,14.0,41.0,40.0,0.0,2416.0,0
45.0,3.0,81.0,0.0,44.0,-4.0,35.0,37.0,2.0,7169.0,0
37.0,0.0,79.0,-1.0,6.0,-18.0,43.0,74.0,32.0,5102.0,0
46.0,0.0,76.0,0.0,44.0,-22.0,30.0,32.0,2.0,3331.0,0
37.0,0.0,82.0,-1.0,-2.0,6.0,45.0,85.0,40.0,4611.0,0
37.0,0.0,105.0,-2.0,34.0,0.0,68.0,71.0,4.0,14369.0,0
56.0,0.0,92.0,6.0,-2.0,0.0,36.0,94.0,58.0,12873.0,0
43.0,0.0,75.0,0.0,42.0,-25.0,32.0,34.0,2.0,7290.0,0
40.0,4.0,106.0,0.0,38.0,0.0,66.0,67.0,2.0,11431.0,0
49.0,0.0,80.0,0.0,50.0,12.0,31.0,31.0,0.0,12459.0,0
37.0,0.0,76.0,-1.0,16.0,6.0,39.0,61.0,22.0,6619.0,0
55.0,1.0,77.0,0.0,54.0,0.0,22.0,23.0,2.0,7451.0,0
56.0,0.0,85.0,0.0,56.0,10.0,29.0,28.0,0.0,2799.0,0
49.0,1.0,106.0,0.0,50.0,22.0,58.0,57.0,0.0,4361.0,0
44.0,0.0,86.0,-1.0,44.0,-2.0,42.0,42.0,0.0,2264.0,0
52.0,0.0,85.0,-7.0,52.0,0.0,33.0,33.0,0.0,6858.0,0
102.0,-2.0,104.0,0.0,72.0,12.0,1.0,31.0,30.0,6361.0,0
55.0,0.0,98.0,0.0,52.0,-5.0,42.0,46.0,4.0,4229.0,0
66.0,-3.0,109.0,0.0,64.0,-17.0,43.0,45.0,2.0,10016.0,0
46.0,-2.0,107.0,0.0,46.0,0.0,61.0,60.0,0.0,2667.0,0
37.0,-1.0,78.0,3.0,0.0,2.0,41.0,78.0,36.0,3338.0,0
50.0,0.0,79.0,4.0,50.0,0.0,29.0,30.0,0.0,13842.0,0
48.0,-1.0,77.0,0.0,46.0,-7.0,28.0,30.0,2.0,6052.0,0
45.0,-4.0,88.0,0.0,46.0,14.0,42.0,41.0,0.0,12869.0,0
83.0,0.0,86.0,0.0,-6.0,-9.0,3.0,94.0,90.0,10404.0,0
56.0,0.0,77.0,-4.0,24.0,-3.0,22.0,54.0,32.0,5018.0,0
58.0,4.0,87.0,0.0,56.0,0.0,29.0,30.0,2.0,7394.0,0
41.0,0.0,87.0,0.0,42.0,21.0,46.0,46.0,0.0,13169.0,0
48.0,-5.0,76.0,-1.0,46.0,-7.0,28.0,30.0,2.0,8496.0,0
37.0,0.0,92.0,0.0,24.0,4.0,55.0,69.0,14.0,11423.0,0
40.0,-1.0,80.0,-3.0,38.0,14.0,40.0,41.0,2.0,191.0,0
43.0,-1.0,79.0,0.0,44.0,7.0,35.0,35.0,0.0,11697.0,0
47.0,-109.0,86.0,0.0,46.0,0.0,39.0,39.0,0.0,1819.0,0
37.0,0.0,75.0,0.0,30.0,17.0,38.0,44.0,6.0,8152.0,0
37.0,0.0,77.0,0.0,2.0,14.0,40.0,74.0,34.0,14009.0,0
49.0,0.0,81.0,0.0,46.0,-17.0,32.0,34.0,2.0,7236.0,0
42.0,0.0,77.0,8.0,42.0,0.0,34.0,35.0,2.0,8405.0,0
56.0,4.0,97.0,0.0,46.0,-3.0,41.0,51.0,10.0,8984.0,0
47.0,-2.0,95.0,0.0,46.0,0.0,49.0,49.0,0.0,5990.0,0
43.0,-4.0,109.0,0.0,42.0,0.0,66.0,67.0,2.0,13093.0,0
55.0,0.0,77.0,0.0,12.0,21.0,21.0,64.0,42.0,8782.0,0
49.0,0.0,77.0,-1.0,50.0,6.0,28.0,28.0,0.0,2952.0,0
37.0,0.0,106.0,8.0,24.0,-6.0,68.0,82.0,14.0,984.0,0
55.0,0.0,86.0,0.0,56.0,18.0,30.0,29.0,0.0,4874.0,0
37.0,0.0,79.0,0.0,8.0,-10.0,43.0,72.0,28.0,644.0,0
62.0,0.0,110.0,6.0,62.0,0.0,48.0,48.0,0.0,4141.0,0
83.0,0.0,86.0,0.0,-4.0,-13.0,3.0,92.0,88.0,3579.0,0
43.0,0.0,84.0,-1.0,42.0,-4.0,41.0,43.0,2.0,8334.0,0
37.0,0.0,95.0,0.0,10.0,5.0,58.0,84.0,26.0,13963.0,0
55.0,0.0,80.0,-1.0,-10.0,0.0,25.0,90.0,66.0,14034.0,0
55.0,4.0,74.0,-12.0,-4.0,-27.0,19.0,79.0,60.0,13106.0,0
56.0,0.0,77.0,1.0,-4.0,-7.0,21.0,82.0,62.0,5241.0,0
37.0,0.0,76.0,0.0,18.0,-20.0,40.0,58.0,18.0,14088.0,0
44.0,0.0,87.0,0.0,44.0,11.0,43.0,43.0,0.0,8298.0,0
37.0,0.0,95.0,0.0,28.0,18.0,58.0,67.0,8.0,8817.0,0
51.0,-2.0,79.0,0.0,50.0,-9.0,28.0,30.0,2.0,5809.0,0
38.0,0.0,75.0,0.0,38.0,16.0,37.0,36.0,0.0,14296.0,0
47.0,-1.0,83.0,0.0,46.0,0.0,36.0,37.0,0.0,9188.0,0
104.0,4.0,106.0,5.0,72.0,7.0,1.0,33.0,32.0,2055.0,0
55.0,0.0,83.0,0.0,-28.0,0.0,27.0,111.0,84.0,9062.0,0
49.0,0.0,77.0,0.0,46.0,-4.0,29.0,31.0,2.0,12624.0,0
51.0,0.0,86.0,0.0,52.0,8.0,36.0,35.0,0.0,12172.0,0
40.0,0.0,79.0,1.0,38.0,0.0,39.0,41.0,2.0,13711.0,0
55.0,0.0,93.0,5.0,46.0,0.0,37.0,46.0,8.0,10631.0,0
37.0,0.0,79.0,3.0,2.0,1.0,42.0,76.0,34.0,10470.0,0
56.0,0.0,81.0,0.0,-10.0,-7.0,25.0,91.0,66.0,1475.0,0
37.0,0.0,99.0,0.0,28.0,-11.0,61.0,70.0,8.0,2082.0,0
55.0,-1.0,96.0,0.0,52.0,0.0,41.0,44.0,4.0,6864.0,0
37.0,0.0,76.0,3.0,26.0,20.0,39.0,50.0,12.0,1112.0,0
37.0,0.0,77.0,0.0,16.0,6.0,41.0,62.0,22.0,10866.0,0
104.0,3.0,105.0,0.0,72.0,2.0,1.0,33.0,32.0,11738.0,0
44.0,4.0,76.0,0.0,42.0,-19.0,32.0,34.0,2.0,14117.0,0
56.0,0.0,92.0,0.0,0.0,9.0,36.0,92.0,56.0,3293.0,0
37.0,0.0,75.0,0.0,26.0,13.0,38.0,49.0,12.0,12183.0,0
43.0,1.0,76.0,0.0,42.0,-5.0,32.0,34.0,2.0,6140.0,0
50.0,-5.0,77.0,1.0,50.0,0.0,28.0,28.0,0.0,5036.0,0
56.0,1.0,95.0,0.0,54.0,-1.0,40.0,41.0,2.0,9280.0,0
38.0,3.0,77.0,0.0,36.0,-21.0,40.0,41.0,2.0,11691.0,0
43.0,-2.0,81.0,0.0,42.0,0.0,38.0,39.0,2.0,5505.0,0
56.0,5.0,97.0,0.0,52.0,17.0,40.0,45.0,4.0,12886.0,0
43.0,5.0,88.0,0.0,42.0,0.0,45.0,46.0,2.0,14370.0,0
37.0,0.0,82.0,-1.0,36.0,16.0,45.0,46.0,2.0,1845.0,0
37.0,0.0,104.0,0.0,20.0,-24.0,67.0,83.0,16.0,9420.0,0
37.0,-2.0,106.0,0.0,34.0,-11.0,68.0,72.0,4.0,5372.0,0
37.0,0.0,108.0,0.0,30.0,-10.0,71.0,77.0,6.0,9501.0,0
56.0,0.0,96.0,0.0,52.0,-17.0,40.0,44.0,4.0,6939.0,0
56.0,0.0,81.0,1.0,54.0,-5.0,25.0,26.0,2.0,13186.0,0
41.0,0.0,86.0,0.0,42.0,17.0,46.0,45.0,0.0,1059.0,0
36.0,0.0,76.0,0.0,36.0,0.0,39.0,39.0,0.0,11235.0,0
55.0,5.0,81.0,0.0,54.0,0.0,26.0,26.0,0.0,2767.0,0
49.0,4.0,80.0,0.0,46.0,-6.0,31.0,34.0,2.0,5984.0,0
37.0,0.0,79.0,0.0,0.0,-1.0,42.0,79.0,36.0,8960.0,0
41.0,2.0,76.0,0.0,38.0,-29.0,35.0,37.0,2.0,12772.0,0
37.0,0.0,81.0,0.0,8.0,-12.0,44.0,73.0,28.0,6388.0,0
55.0,0.0,86.0,-4.0,54.0,0.0,31.0,32.0,2.0,5749.0,0
37.0,0.0,91.0,6.0,6.0,0.0,53.0,86.0,32.0,7056.0,0
43.0,-1.0,96.0,-3.0,42.0,104.0,53.0,55.0,2.0,12408.0,0
76.0,0.0,81.0,0.0,-42.0,-3.0,5.0,125.0,120.0,2920.0,0
56.0,0.0,97.0,0.0,44.0,-5.0,41.0,53.0,12.0,6205.0,0
51.0,-4.0,83.0,-4.0,50.0,-15.0,32.0,34.0,2.0,12589.0,0
44.0,2.0,77.0,0.0,44.0,10.0,33.0,33.0,0.0,9124.0,0
37.0,0.0,79.0,0.0,8.0,-25.0,43.0,72.0,28.0,4726.0,0
51.0,1.0,84.0,0.0,52.0,17.0,33.0,32.0,0.0,754.0,0
56.0,0.0,95.0,0.0,46.0,-7.0,40.0,49.0,10.0,13456.0,0
37.0,0.0,77.0,0.0,-6.0,0.0,41.0,85.0,44.0,8296.0,0
48.0,-2.0,77.0,0.0,46.0,-1.0,29.0,31.0,2.0,12639.0,0
55.0,-2.0,86.0,-2.0,54.0,0.0,31.0,32.0,0.0,1228.0,0
51.0,0.0,82.0,0.0,52.0,12.0,31.0,30.0,0.0,7309.0,0
43.0,0.0,79.0,0.0,42.0,-10.0,35.0,37.0,2.0,7473.0,0
56.0,0.0,79.0,0.0,56.0,4.0,23.0,22.0,0.0,3758.0,0
57.0,0.0,84.0,1.0,56.0,0.0,27.0,27.0,0.0,7567.0,0
55.0,0.0,95.0,0.0,42.0,-4.0,40.0,54.0,14.0,1205.0,0
53.0,0.0,77.0,0.0,52.0,-13.0,25.0,26.0,2.0,10083.0,0
45.0,-5.0,85.0,0.0,46.0,3.0,40.0,39.0,0.0,5099.0,0
37.0,0.0,76.0,0.0,34.0,8.0,39.0,43.0,4.0,5554.0,0
107.0,-2.0,108.0,0.0,70.0,0.0,1.0,38.0,36.0,2541.0,0
44.0,0.0,88.0,0.0,44.0,2.0,45.0,44.0,0.0,11035.0,0
55.0,0.0,96.0,2.0,46.0,0.0,41.0,50.0,8.0,93.0,0
49.0,3.0,82.0,0.0,46.0,-3.0,33.0,35.0,2.0,8946.0,0
56.0,0.0,79.0,0.0,0.0,13.0,24.0,79.0,56.0,786.0,0
41.0,0.0,83.0,0.0,42.0,0.0,42.0,42.0,0.0,2017.0,0
56.0,0.0,92.0,0.0,54.0,8.0,36.0,38.0,2.0,9572.0,0
43.0,0.0,84.0,0.0,42.0,-5.0,41.0,43.0,2.0,4763.0,0
37.0,-4.0,81.0,1.0,36.0,0.0,44.0,44.0,0.0,6181.0,0
52.0,-2.0,86.0,0.0,52.0,-1.0,34.0,35.0,0.0,537.0,0
39.0,1.0,78.0,4.0,38.0,0.0,39.0,39.0,0.0,5251.0,0
53.0,0.0,77.0,0.0,54.0,7.0,23.0,23.0,0.0,6906.0,0
37.0,0.0,106.0,0.0,28.0,-15.0,69.0,78.0,8.0,12492.0,0
39.0,1.0,85.0,0.0,38.0,0.0,46.0,46.0,0.0,7013.0,0
37.0,0.0,81.0,6.0,28.0,0.0,45.0,53.0,8.0,8191.0,0
41.0,0.0,77.0,0.0,42.0,10.0,36.0,36.0,0.0,2894.0,0
56.0,-1.0,97.0,0.0,46.0,4.0,41.0,51.0,10.0,9230.0,0
55.0,0.0,77.0,0.0,12.0,-1.0,22.0,65.0,42.0,4219.0,0
55.0,0.0,77.0,0.0,-28.0,-9.0,22.0,106.0,84.0,8340.0,0
56.0,0.0,79.0,2.0,8.0,0.0,24.0,72.0,48.0,11948.0,0
44.0,0.0,86.0,1.0,42.0,-27.0,43.0,45.0,2.0,14480.0,0
51.0,2.0,79.0,6.0,52.0,11.0,27.0,27.0,0.0,6123.0,0
85.0,0.0,88.0,-5.0,6.0,0.0,3.0,83.0,80.0,4748.0,0
56.0,0.0,95.0,0.0,52.0,10.0,40.0,44.0,4.0,781.0,0
51.0,1.0,84.0,0.0,52.0,4.0,33.0,32.0,0.0,1032.0,0
53.0,0.0,78.0,0.0,52.0,-30.0,25.0,26.0,2.0,1368.0,0
50.0,-4.0,79.0,0.0,50.0,0.0,28.0,30.0,2.0,12138.0,0
40.0,-1.0,86.0,0.0,38.0,0.0,45.0,47.0,2.0,4707.0,0
37.0,-1.0,83.0,10.0,24.0,0.0,46.0,59.0,14.0,1650.0,0
56.0,0.0,76.0,0.0,-10.0,25.0,20.0,86.0,66.0,11474.0,0
37.0,-1.0,77.0,0.0,36.0,-18.0,39.0,41.0,2.0,756.0,0
56.0,0.0,86.0,0.0,54.0,-11.0,30.0,32.0,2.0,2044.0,0
55.0,-2.0,81.0,-7.0,54.0,0.0,27.0,27.0,0.0,4687.0,0
45.0,0.0,85.0,0.0,46.0,17.0,40.0,39.0,0.0,3435.0,0
49.0,4.0,106.0,0.0,50.0,28.0,58.0,57.0,0.0,2414.0,0
56.0,0.0,77.0,-3.0,24.0,0.0,22.0,54.0,32.0,406.0,0
53.0,1.0,86.0,-1.0,54.0,1.0,32.0,32.0,0.0,13655.0,0
38.0,5.0,76.0,0.0,38.0,7.0,38.0,37.0,0.0,14245.0,0
55.0,0.0,77.0,-1.0,16.0,0.0,21.0,61.0,40.0,1268.0,0
55.0,0.0,77.0,0.0,-28.0,-26.0,22.0,106.0,84.0,8354.0,0
37.0,0.0,77.0,-1.0,-18.0,-1.0,40.0,95.0,54.0,6229.0,0
47.0,0.0,86.0,-4.0,46.0,0.0,39.0,40.0,0.0,10983.0,0
56.0,0.0,77.0,0.0,-20.0,25.0,21.0,97.0,76.0,5921.0,0
50.0,0.0,87.0,-3.0,50.0,-4.0,37.0,38.0,0.0,5437.0,0
51.0,-1.0,87.0,0.0,52.0,19.0,36.0,35.0,0.0,14333.0,0
49.0,0.0,106.0,-1.0,46.0,-23.0,57.0,59.0,2.0,10408.0,0
37.0,0.0,79.0,0.0,38.0,23.0,41.0,40.0,0.0,14351.0,0
45.0,0.0,76.0,0.0,46.0,21.0,30.0,29.0,0.0,13452.0,0
45.0,0.0,76.0,-2.0,44.0,0.0,31.0,32.0,2.0,1903.0,0
37.0,0.0,96.0,0.0,34.0,10.0,59.0,62.0,4.0,6358.0,0
56.0,0.0,82.0,2.0,-12.0,13.0,26.0,95.0,68.0,13900.0,0
41.0,1.0,83.0,0.0,42.0,25.0,42.0,42.0,0.0,13615.0,0
49.0,3.0,80.0,0.0,50.0,2.0,31.0,31.0,0.0,11867.0,0
37.0,0.0,77.0,-1.0,38.0,16.0,39.0,38.0,0.0,6104.0,0
43.0,0.0,77.0,0.0,44.0,30.0,34.0,33.0,0.0,6891.0,0
48.0,0.0,78.0,0.0,46.0,-4.0,30.0,32.0,2.0,13494.0,0
55.0,0.0,82.0,-7.0,-24.0,0.0,26.0,108.0,82.0,319.0,0
43.0,0.0,76.0,27.0,42.0,-9.0,33.0,35.0,2.0,5115.0,0
79.0,0.0,83.0,0.0,-38.0,1.0,4.0,122.0,118.0,4681.0,0
55.0,0.0,78.0,0.0,46.0,10.0,23.0,32.0,8.0,2080.0,0
52.0,0.0,83.0,-1.0,52.0,-1.0,31.0,32.0,0.0,1647.0,0
37.0,-3.0,90.0,-1.0,8.0,3.0,53.0,82.0,30.0,13991.0,0
56.0,-1.0,92.0,0.0,56.0,3.0,36.0,35.0,0.0,11935.0,0
55.0,0.0,92.0,0.0,-2.0,-3.0,36.0,94.0,58.0,5280.0,0
51.0,-1.0,91.0,0.0,50.0,-24.0,40.0,42.0,2.0,6791.0,0
46.0,0.0,81.0,7.0,46.0,2.0,35.0,35.0,0.0,641.0,0
45.0,0.0,81.0,0.0,46.0,15.0,35.0,34.0,0.0,10457.0,0
37.0,0.0,105.0,-2.0,30.0,2.0,68.0,74.0,6.0,5006.0,0
62.0,-2.0,111.0,0.0,62.0,0.0,49.0,49.0,0.0,11044.0,0
59.0,0.0,86.0,0.0,56.0,-2.0,27.0,29.0,2.0,8725.0,0
45.0,-1.0,79.0,0.0,46.0,11.0,33.0,32.0,0.0,11654.0,0
40.0,0.0,76.0,-1.0,38.0,0.0,36.0,37.0,2.0,3053.0,0
55.0,0.0,91.0,-7.0,-4.0,7.0,35.0,96.0,60.0,13784.0,0
41.0,0.0,80.0,-6.0,42.0,0.0,39.0,39.0,0.0,12406.0,0
55.0,-1.0,98.0,3.0,46.0,-25.0,42.0,51.0,8.0,7291.0,0
54.0,0.0,79.0,3.0,54.0,0.0,26.0,25.0,0.0,4885.0,0
56.0,-1.0,97.0,0.0,52.0,2.0,41.0,45.0,4.0,13886.0,0
41.0,2.0,79.0,0.0,42.0,9.0,38.0,38.0,0.0,5023.0,0
41.0,0.0,76.0,0.0,42.0,16.0,35.0,35.0,0.0,1567.0,0
37.0,0.0,76.0,0.0,28.0,-29.0,40.0,48.0,8.0,11481.0,0
53.0,-5.0,88.0,0.0,54.0,7.0,35.0,34.0,0.0,11205.0,0
37.0,0.0,76.0,2.0,30.0,-30.0,40.0,45.0,6.0,6765.0,0
63.0,-1.0,111.0,0.0,62.0,0.0,48.0,49.0,0.0,11897.0,0
56.0,0.0,90.0,0.0,56.0,15.0,34.0,33.0,0.0,14063.0,0
41.0,0.0,83.0,0.0,42.0,13.0,42.0,42.0,0.0,7063.0,0
55.0,0.0,77.0,0.0,-18.0,-4.0,21.0,95.0,74.0,13003.0,0
46.0,5.0,83.0,0.0,46.0,8.0,37.0,36.0,0.0,13924.0,0
56.0,0.0,78.0,0.0,12.0,-13.0,22.0,65.0,42.0,14109.0,0
55.0,0.0,96.0,0.0,38.0,-14.0,41.0,57.0,16.0,10510.0,0
43.0,-1.0,82.0,0.0,42.0,-14.0,39.0,41.0,2.0,987.0,0
55.0,-1.0,89.0,0.0,54.0,0.0,34.0,35.0,0.0,7117.0,0
53.0,0.0,83.0,0.0,54.0,4.0,30.0,28.0,0.0,8898.0,0
37.0,-1.0,105.0,1.0,18.0,0.0,68.0,87.0,18.0,2908.0,0
43.0,-1.0,86.0,0.0,44.0,13.0,42.0,42.0,0.0,10667.0,0
48.0,0.0,88.0,0.0,46.0,-4.0,40.0,42.0,2.0,1924.0,0
55.0,0.0,95.0,0.0,38.0,-24.0,40.0,57.0,16.0,14173.0,0
45.0,0.0,80.0,0.0,44.0,-22.0,35.0,36.0,2.0,570.0,0
37.0,0.0,76.0,-6.0,34.0,7.0,39.0,42.0,2.0,4144.0,0
48.0,4.0,94.0,4.0,46.0,0.0,46.0,48.0,2.0,10780.0,0
43.0,0.0,75.0,0.0,42.0,-3.0,32.0,34.0,2.0,2979.0,0
45.0,-1.0,79.0,0.0,44.0,-26.0,33.0,35.0,2.0,13499.0,0
42.0,-2.0,79.0,0.0,42.0,0.0,36.0,37.0,2.0,6875.0,0
37.0,0.0,80.0,0.0,30.0,14.0,43.0,49.0,6.0,5690.0,0
38.0,5.0,106.0,1.0,36.0,-3.0,68.0,70.0,2.0,11385.0,0
71.0,1.0,75.0,4.0,-42.0,-9.0,4.0,119.0,114.0,2000.0,0
45.0,0.0,87.0,1.0,44.0,-7.0,42.0,43.0,2.0,7062.0,0
37.0,0.0,106.0,-1.0,36.0,0.0,69.0,70.0,0.0,3295.0,0
55.0,-3.0,80.0,0.0,-2.0,0.0,25.0,83.0,58.0,11099.0,0
57.0,5.0,86.0,0.0,56.0,0.0,30.0,30.0,0.0,7930.0,0
37.0,0.0,77.0,7.0,36.0,3.0,40.0,41.0,0.0,2061.0,0
43.0,0.0,79.0,0.0,44.0,11.0,35.0,35.0,0.0,9838.0,0
50.0,-5.0,79.0,0.0,50.0,0.0,29.0,30.0,0.0,9471.0,0
82.0,0.0,86.0,0.0,-12.0,-4.0,3.0,99.0,96.0,7640.0,0
37.0,0.0,76.0,0.0,26.0,-25.0,39.0,50.0,12.0,8844.0,0
56.0,0.0,77.0,0.0,-4.0,2.0,21.0,82.0,62.0,11711.0,0
37.0,0.0,80.0,0.0,34.0,-3.0,43.0,46.0,2.0,9104.0,0
102.0,-1.0,103.0,0.0,72.0,21.0,1.0,31.0,30.0,8559.0,0
37.0,-1.0,74.0,-3.0,28.0,-6.0,37.0,46.0,8.0,5898.0,0
37.0,0.0,78.0,0.0,-6.0,-5.0,42.0,86.0,44.0,65.0,0
44.0,0.0,75.0,0.0,44.0,7.0,31.0,31.0,0.0,1400.0,0
55.0,0.0,93.0,0.0,42.0,-21.0,37.0,51.0,14.0,6061.0,0
37.0,0.0,80.0,0.0,6.0,-9.0,43.0,75.0,32.0,1989.0,0
37.0,0.0,78.0,0.0,-2.0,9.0,41.0,81.0,40.0,10679.0,0
53.0,0.0,88.0,0.0,54.0,6.0,35.0,33.0,0.0,214.0,0
56.0,0.0,98.0,0.0,44.0,7.0,42.0,54.0,12.0,5144.0,0
45.0,-2.0,107.0,0.0,44.0,-18.0,62.0,63.0,2.0,5710.0,0
103.0,2.0,104.0,1.0,70.0,0.0,1.0,35.0,34.0,9286.0,0
48.0,2.0,106.0,0.0,46.0,0.0,58.0,60.0,2.0,9661.0,0
37.0,0.0,77.0,0.0,-20.0,-9.0,41.0,98.0,58.0,3574.0,0
49.0,0.0,77.0,0.0,46.0,-16.0,29.0,31.0,2.0,6132.0,0
44.0,0.0,81.0,-1.0,44.0,2.0,37.0,37.0,0.0,10377.0,0
45.0,0.0,83.0,0.0,46.0,30.0,38.0,37.0,0.0,14288.0,0
37.0,0.0,95.0,0.0,10.0,4.0,57.0,84.0,28.0,10754.0,0
41.0,0.0,79.0,-1.0,42.0,12.0,38.0,37.0,0.0,10325.0,0
38.0,0.0,97.0,0.0,38.0,3.0,59.0,59.0,0.0,12863.0,0
37.0,0.0,82.0,0.0,12.0,7.0,45.0,69.0,24.0,2940.0,0
37.0,0.0,99.0,0.0,28.0,-5.0,61.0,70.0,8.0,7677.0,0
47.0,5.0,107.0,0.0,46.0,0.0,59.0,60.0,0.0,3407.0,0
57.0,-2.0,88.0,-1.0,56.0,0.0,31.0,31.0,0.0,9815.0,0
46.0,5.0,88.0,0.0,46.0,14.0,42.0,41.0,0.0,11069.0,0
57.0,-2.0,92.0,0.0,56.0,0.0,35.0,35.0,0.0,7094.0,0
50.0,-5.0,88.0,0.0,50.0,0.0,38.0,39.0,0.0,3257.0,0
50.0,-2.0,83.0,0.0,50.0,0.0,32.0,33.0,2.0,6271.0,0
37.0,0.0,77.0,0.0,12.0,0.0,41.0,65.0,24.0,7344.0,0
51.0,0.0,82.0,0.0,52.0,22.0,31.0,30.0,0.0,2029.0,0
37.0,3.0,108.0,0.0,36.0,0.0,71.0,72.0,0.0,354.0,0
37.0,-1.0,80.0,2.0,-2.0,0.0,43.0,83.0,40.0,4108.0,0
56.0,0.0,79.0,0.0,12.0,-2.0,23.0,66.0,42.0,776.0,0
37.0,0.0,80.0,0.0,30.0,18.0,43.0,49.0,6.0,9326.0,0
48.0,0.0,95.0,0.0,50.0,25.0,47.0,46.0,0.0,12844.0,0
54.0,0.0,88.0,5.0,54.0,0.0,34.0,33.0,0.0,8226.0,0
46.0,1.0,83.0,0.0,46.0,14.0,37.0,37.0,0.0,174.0,0
49.0,0.0,77.0,3.0,46.0,-22.0,28.0,30.0,2.0,5491.0,0
55.0,0.0,77.0,4.0,0.0,0.0,22.0,77.0,56.0,158.0,0
37.0,0.0,77.0,0.0,-4.0,4.0,41.0,83.0,42.0,4544.0,0
37.0,0.0,77.0,0.0,-4.0,21.0,41.0,83.0,42.0,9127.0,0
37.0,0.0,75.0,5.0,24.0,-2.0,38.0,52.0,14.0,7201.0,0
37.0,-4.0,90.0,0.0,26.0,0.0,53.0,64.0,12.0,11373.0,0
49.0,-3.0,78.0,0.0,46.0,-27.0,29.0,32.0,2.0,1541.0,0
37.0,0.0,80.0,0.0,8.0,17.0,43.0,72.0,30.0,11416.0,0
79.0,0.0,83.0,-1.0,-42.0,-29.0,4.0,126.0,122.0,2876.0,0
58.0,0.0,86.0,-1.0,56.0,0.0,28.0,29.0,0.0,12152.0,0
56.0,1.0,98.0,0.0,46.0,11.0,42.0,51.0,10.0,3581.0,0
37.0,0.0,74.0,0.0,26.0,-8.0,38.0,48.0,10.0,2321.0,0
53.0,0.0,87.0,-3.0,54.0,1.0,34.0,33.0,0.0,9396.0,0
55.0,0.0,96.0,-1.0,54.0,-2.0,41.0,42.0,2.0,8708.0,0
37.0,0.0,104.0,0.0,26.0,18.0,66.0,78.0,12.0,14222.0,0
41.0,2.0,84.0,0.0,42.0,11.0,43.0,43.0,0.0,2429.0,0
44.0,-3.0,80.0,0.0,44.0,0.0,36.0,36.0,0.0,7043.0,0
51.0,0.0,83.0,0.0,50.0,-11.0,32.0,33.0,2.0,2607.0,0
37.0,0.0,103.0,-7.0,28.0,0.0,66.0,75.0,8.0,13052.0,0
81.0,0.0,84.0,0.0,-14.0,-10.0,3.0,99.0,96.0,4460.0,0
37.0,0.0,90.0,-2.0,24.0,-5.0,52.0,66.0,14.0,10708.0,0
53.0,3.0,86.0,0.0,54.0,3.0,32.0,32.0,0.0,3432.0,0
45.0,2.0,83.0,8.0,44.0,0.0,38.0,39.0,2.0,14003.0,0
37.0,0.0,77.0,1.0,34.0,6.0,40.0,43.0,2.0,6881.0,0
41.0,0.0,75.0,0.0,42.0,5.0,34.0,34.0,0.0,3712.0,0
49.0,0.0,81.0,0.0,50.0,-6.0,32.0,32.0,0.0,5991.0,0
55.0,-5.0,81.0,0.0,-4.0,11.0,26.0,86.0,60.0,13075.0,0
37.0,0.0,79.0,0.0,6.0,-5.0,42.0,74.0,32.0,8044.0,0
46.0,1.0,88.0,4.0,44.0,-16.0,42.0,44.0,2.0,4282.0,0
55.0,0.0,79.0,0.0,24.0,23.0,24.0,56.0,32.0,5424.0,0
104.0,0.0,106.0,0.0,72.0,2.0,1.0,33.0,32.0,565.0,0
37.0,0.0,76.0,0.0,18.0,27.0,39.0,58.0,18.0,11490.0,0
46.0,1.0,82.0,0.0,44.0,-16.0,36.0,38.0,2.0,9456.0,0
57.0,-3.0,81.0,0.0,56.0,0.0,24.0,24.0,0.0,4924.0,0
50.0,0.0,85.0,-3.0,50.0,0.0,35.0,36.0,0.0,7038.0,0
45.0,0.0,79.0,6.0,46.0,3.0,33.0,32.0,0.0,8644.0,0
51.0,0.0,83.0,-4.0,52.0,22.0,32.0,32.0,0.0,7091.0,0
43.0,0.0,99.0,0.0,42.0,-7.0,56.0,58.0,2.0,5126.0,0
41.0,5.0,81.0,0.0,42.0,5.0,40.0,40.0,0.0,12338.0,0
49.0,-5.0,82.0,0.0,46.0,-24.0,33.0,35.0,2.0,6015.0,0
55.0,3.0,95.0,0.0,50.0,0.0,41.0,46.0,6.0,10266.0,0
59.0,1.0,84.0,0.0,60.0,3.0,25.0,24.0,0.0,14441.0,0
37.0,0.0,77.0,0.0,36.0,3.0,40.0,41.0,0.0,9197.0,0
37.0,0.0,78.0,0.0,12.0,-4.0,41.0,65.0,24.0,3099.0,0
39.0,3.0,106.0,0.0,38.0,0.0,68.0,67.0,0.0,9574.0,0
55.0,-1.0,96.0,0.0,50.0,-21.0,41.0,47.0,6.0,9437.0,0
38.0,0.0,102.0,0.0,34.0,-9.0,65.0,69.0,4.0,6249.0,0
37.0,0.0,106.0,0.0,20.0,-12.0,69.0,85.0,16.0,7025.0,0
45.0,-2.0,88.0,0.0,44.0,23.0,43.0,44.0,2.0,12636.0,0
50.0,2.0,83.0,0.0,50.0,0.0,32.0,33.0,2.0,3698.0,0
51.0,-3.0,77.0,0.0,50.0,-12.0,27.0,28.0,2.0,12144.0,0
55.0,0.0,77.0,2.0,-20.0,0.0,21.0,97.0,76.0,8528.0,0
45.0,0.0,102.0,0.0,44.0,-6.0,57.0,58.0,2.0,6480.0,0
37.0,5.0,76.0,0.0,38.0,31.0,39.0,37.0,0.0,9568.0,0
46.0,1.0,102.0,0.0,44.0,-25.0,57.0,58.0,2.0,3287.0,0
55.0,-5.0,96.0,-1.0,54.0,-5.0,41.0,42.0,2.0,1685.0,0
48.0,3.0,78.0,0.0,46.0,0.0,30.0,32.0,2.0,7824.0,0
53.0,0.0,88.0,2.0,54.0,0.0,35.0,34.0,0.0,6558.0,0
84.0,0.0,87.0,0.0,0.0,3.0,3.0,87.0,84.0,1698.0,0
37.0,5.0,77.0,0.0,0.0,0.0,40.0,77.0,36.0,2539.0,0
37.0,0.0,83.0,-7.0,30.0,0.0,46.0,52.0,6.0,6766.0,0
81.0,3.0,86.0,1.0,-40.0,10.0,4.0,127.0,122.0,10956.0,0
37.0,0.0,82.0,0.0,26.0,5.0,45.0,56.0,12.0,6182.0,0
41.0,-2.0,82.0,0.0,38.0,-7.0,41.0,43.0,2.0,8871.0,0
37.0,0.0,80.0,-1.0,34.0,-1.0,43.0,46.0,2.0,7197.0,0
37.0,0.0,77.0,1.0,34.0,-8.0,40.0,43.0,2.0,1553.0,0
37.0,0.0,81.0,0.0,36.0,31.0,43.0,44.0,2.0,1385.0,0
37.0,0.0,97.0,0.0,24.0,-30.0,60.0,74.0,14.0,12202.0,0
41.0,-1.0,76.0,-1.0,42.0,0.0,35.0,35.0,0.0,13728.0,0
42.0,0.0,88.0,5.0,42.0,0.0,45.0,46.0,2.0,10350.0,0
37.0,0.0,77.0,0.0,24.0,-30.0,40.0,54.0,14.0,6902.0,0
43.0,0.0,79.0,-6.0,44.0,29.0,35.0,35.0,0.0,11675.0,0
42.0,-1.0,77.0,-3.0,42.0,0.0,34.0,35.0,2.0,14118.0,0
37.0,0.0,79.0,0.0,26.0,2.0,43.0,54.0,10.0,3297.0,0
56.0,0.0,77.0,0.0,-14.0,4.0,21.0,92.0,72.0,5403.0,0
49.0,2.0,82.0,0.0,46.0,-15.0,33.0,35.0,2.0,2526.0,0
37.0,0.0,76.0,-1.0,26.0,-10.0,39.0,50.0,12.0,3456.0,0
56.0,0.0,83.0,0.0,56.0,0.0,26.0,26.0,0.0,8115.0,0
45.0,0.0,77.0,0.0,44.0,-11.0,32.0,34.0,2.0,11453.0,0
55.0,0.0,95.0,-1.0,36.0,-2.0,39.0,59.0,20.0,6598.0,0


